1 1 120 5 164 22 112 238 76 1 
1 1 138 211 96 298 54 254 174 138 1 
1 1 79 284 134 212 87 186 49 1 
1 1 120 164 153 266 205 5 1 
1 1 187 44 279 240 41 164 120 1 
1 1 280 184 144 4 63 289 138 1 
1 1 79 100 173 225 1 
1 1 120 21 202 200 233 195 109 120 1 
1 1 284 205 73 280 1 
1 1 120 141 221 119 162 273 138 1 
1 1 120 109 204 42 1 
1 1 79 185 14 121 1 
1 1 225 1 
1 1 120 164 41 122 1 
1 1 138 174 35 210 1 
1 1 120 169 90 223 1 
1 1 284 134 295 79 1 
1 1 49 66 223 1 
1 1 120 124 219 33 276 76 1 
1 1 120 112 264 163 112 120 1 
1 1 120 164 232 118 72 118 138 1 
1 1 79 100 39 85 1 
1 1 284 44 42 13 1 
1 1 138 211 149 297 30 193 289 138 1 
1 1 79 100 261 117 1 
1 1 120 164 232 148 159 254 174 138 1 
1 1 120 250 167 1 
1 1 138 125 106 137 55 38 166 76 1 
1 1 215 127 132 166 76 1 
1 1 187 262 29 111 225 1 
1 1 76 227 25 69 210 1 
1 1 57 145 177 247 138 1 
1 1 79 100 192 103 120 1 
1 1 120 140 61 11 1 
1 1 256 235 1 
1 1 138 83 78 270 166 76 1 
1 1 76 166 209 210 1 
1 1 138 118 172 34 128 231 209 210 1 
1 1 222 1 
1 1 120 115 157 173 225 1 
1 1 122 94 122 1 
1 1 120 26 120 1 
1 1 49 220 49 1 
1 1 5 292 5 1 
1 1 122 129 286 288 165 76 1 
1 1 49 220 218 64 218 220 49 1 
1 1 79 150 277 73 280 1 
1 1 120 164 131 7 73 280 1 
1 1 120 23 44 42 1 
1 1 120 109 75 143 210 1 
1 1 120 169 161 32 82 135 1 
1 1 225 203 88 16 202 141 120 1 
1 1 120 164 41 213 41 164 120 1 
1 1 120 109 181 124 44 42 1 
1 1 120 112 285 112 120 1 
1 1 210 17 290 218 220 49 1 
1 1 167 51 15 41 164 120 1 
1 1 5 252 160 218 220 49 1 
1 1 120 258 70 280 1 
1 1 158 216 210 1 
1 1 138 174 224 174 138 1 
1 1 120 164 9 98 1 
1 1 49 182 186 49 1 
1 1 120 115 24 115 120 1 
1 1 79 100 261 272 152 79 1 
1 1 76 165 76 1 
1 1 187 10 69 210 1 
1 1 120 258 197 5 1 
1 1 138 287 48 1 
1 1 229 93 200 185 79 1 
1 1 280 37 44 42 1 
1 1 57 74 57 1 
1 1 79 100 261 29 248 89 130 56 207 209 210 1 
1 1 138 174 139 43 27 1 
1 1 79 198 130 56 207 209 210 1 
1 1 268 238 76 1 
1 1 284 205 73 171 253 25 69 210 1 
1 1 138 125 291 125 138 1 
1 1 238 190 105 32 223 1 
1 1 179 1 
1 1 120 250 214 250 120 1 
1 1 120 258 19 40 211 138 1 
1 1 138 289 126 69 210 1 
1 1 155 1 
1 1 120 258 197 116 197 258 120 1 
1 1 5 252 50 52 38 166 76 1 
1 1 79 226 293 155 1 
1 1 138 211 95 62 111 225 1 
1 1 120 217 107 98 1 
1 1 138 125 101 125 138 1 
1 1 120 250 6 250 120 1 
1 1 201 2 138 1 
1 1 296 1 
1 1 12 1 
1 1 223 68 223 1 
1 1 113 1 
1 1 138 174 224 59 224 174 138 1 
1 1 122 81 99 123 211 138 1 
1 1 223 64 175 64 49 1 
1 1 138 211 149 170 149 1 
1 1 284 44 42 84 191 35 210 1 
1 1 49 249 49 1 
1 1 120 164 9 102 9 164 120 1 
1 1 79 226 293 155 1 
1 1 138 211 123 211 138 1 
1 1 120 109 176 189 1 
1 1 179 71 282 236 138 1 
1 1 122 67 194 122 1 
1 1 215 260 215 141 120 1 
1 1 57 97 57 1 
1 1 45 228 86 218 220 49 1 
1 1 120 112 264 8 264 112 120 1 
1 1 210 143 133 143 210 1 
1 1 49 220 218 206 218 220 49 1 
1 1 122 121 36 224 174 138 1 
1 1 138 211 259 211 138 1 
1 1 223 32 242 32 223 1 
1 1 76 269 76 1 
1 1 98 199 257 291 125 138 1 
1 1 235 243 235 1 
1 1 138 174 254 234 98 1 
1 1 76 137 267 244 136 166 76 1 
1 1 49 220 218 53 84 42 1 
1 1 120 283 183 111 225 1 
1 1 275 251 164 120 1 
1 1 138 174 139 147 96 211 138 1 
1 1 122 121 92 121 1 
1 1 138 174 281 174 138 1 
1 1 5 252 50 31 50 252 5 1 
1 1 79 226 274 5 1 
1 1 33 168 33 1 
1 1 76 166 47 166 76 1 
1 1 210 108 210 1 
1 1 138 247 138 1 
1 1 296 28 296 1 
1 1 85 245 85 1 
1 1 57 97 80 97 57 1 
1 1 11 156 82 76 1 
1 1 79 226 293 46 198 79 1 
1 1 5 265 5 1 
1 1 13 241 13 1 
1 1 113 180 86 218 220 49 1 
1 1 13 237 13 1 
1 1 76 188 154 211 138 1 
1 1 113 180 239 180 113 1 
1 1 120 124 114 84 42 1 
1 1 296 255 296 1 
1 1 76 165 38 278 38 166 76 1 
1 1 76 166 136 166 76 1 
1 1 49 91 49 1 
1 1 76 166 294 166 76 1 
1 1 210 246 210 1 
1 1 76 137 300 76 1 
1 1 76 166 142 3 269 76 1 
1 1 210 209 207 209 210 1 
1 1 49 220 218 104 218 220 49 1 
1 1 76 166 132 146 296 1 
1 1 13 58 13 1 
1 1 296 28 178 125 138 1 
1 1 296 230 296 1 
1 1 110 1 
1 1 210 209 56 207 209 210 1 
1 1 76 166 132 271 132 166 76 1 
1 1 210 209 207 77 207 209 210 1 
1 1 210 246 208 246 210 1 
1 1 138 236 138 1 
1 1 210 209 231 209 210 1 
1 1 210 69 126 18 126 69 210 1 
1 1 76 137 267 196 55 137 76 1 
1 1 76 137 267 60 271 132 166 76 1 
1 1 275 65 120 1 
1 1 76 137 300 20 300 137 76 1 
1 1 210 263 189 1 
1 1 110 299 110 1 
1 1 138 247 151 247 138 1 
2 1 120 5 184 22 186 49 1 
2 1 120 164 284 74 200 96 258 120 1 
2 1 138 211 149 9 221 201 1 
2 1 79 167 1 
2 1 120 112 264 171 187 10 250 120 1 
2 1 120 164 153 295 212 286 86 218 220 49 1 
2 1 280 37 206 85 245 85 1 
2 1 284 134 204 262 118 138 1 
2 1 79 100 229 107 98 1 
2 1 120 21 141 120 1 
2 1 284 205 71 44 42 1 
2 1 120 141 185 248 94 122 1 
2 1 120 109 266 276 76 1 
2 1 225 261 272 256 202 141 120 1 
2 1 120 164 41 98 30 149 1 
2 1 138 174 124 44 42 1 
2 1 120 169 117 1 
2 1 284 205 73 280 1 
2 1 49 242 32 223 1 
2 1 120 164 232 148 44 42 1 
2 1 122 121 28 137 76 1 
2 1 79 100 39 62 67 78 83 138 1 
2 1 120 141 202 141 120 1 
2 1 284 44 42 45 1 
2 1 223 66 223 1 
2 1 120 250 233 267 253 106 76 1 
2 1 138 125 76 289 138 1 
2 1 215 141 120 1 
2 1 57 214 250 120 1 
2 1 79 100 192 50 252 5 1 
2 1 120 140 120 1 
2 1 138 90 17 37 44 42 1 
2 1 120 164 232 148 298 191 35 210 1 
2 1 138 83 20 60 271 132 166 76 1 
2 1 76 166 287 94 122 1 
2 1 138 118 172 238 220 49 1 
2 1 222 87 35 282 236 138 1 
2 1 120 115 91 49 1 
2 1 120 26 43 59 224 174 138 1 
2 1 5 292 5 1 
2 1 122 129 94 122 1 
2 1 49 220 218 11 1 
2 1 79 150 51 46 293 155 1 
2 1 120 164 131 220 49 1 
2 1 120 23 44 42 1 
2 1 120 109 75 109 120 1 
2 1 120 109 195 6 250 120 1 
2 1 120 169 161 292 5 1 
2 1 225 203 100 79 1 
2 1 138 118 72 268 275 122 1 
2 1 79 100 261 29 279 138 1 
2 1 225 173 157 173 225 1 
2 1 138 211 149 240 41 164 120 1 
2 1 120 164 41 213 41 164 120 1 
2 1 120 109 181 244 136 166 76 1 
2 1 120 112 285 112 120 1 
2 1 210 182 186 49 1 
2 1 33 1 
2 1 5 252 281 174 138 1 
2 1 120 163 77 210 1 
2 1 138 273 239 180 113 1 
2 1 158 1 
2 1 138 174 224 40 56 207 209 210 1 
2 1 120 115 24 115 120 1 
2 1 238 34 68 223 1 
2 1 76 165 81 297 149 1 
2 1 235 95 211 138 1 
2 1 120 258 197 5 1 
2 1 223 32 69 210 1 
2 1 138 211 149 240 15 41 164 120 1 
2 1 280 184 144 184 120 1 
2 1 138 174 139 58 13 1 
2 1 79 198 216 210 1 
2 1 138 211 119 211 138 1 
2 1 120 140 61 97 160 218 220 49 1 
2 1 138 125 291 31 50 252 5 1 
2 1 238 190 238 76 1 
2 1 179 1 
2 1 120 103 227 189 1 
2 1 120 258 19 258 120 1 
2 1 280 70 280 1 
2 1 155 1 
2 1 120 258 197 116 197 258 120 1 
2 1 210 143 2 138 1 
2 1 79 226 293 155 1 
2 1 138 211 30 297 149 1 
2 1 76 137 76 1 
2 1 120 217 120 1 
2 1 16 293 82 76 1 
2 1 284 205 73 219 124 44 42 1 
2 1 138 125 101 125 138 1 
2 1 138 174 254 174 138 1 
2 1 138 289 63 289 138 1 
2 1 120 141 202 93 200 185 79 1 
2 1 120 164 153 152 102 9 164 120 1 
2 1 296 1 
2 1 79 100 88 283 120 1 
2 1 12 166 76 1 
2 1 223 64 218 220 49 1 
2 1 138 211 14 211 138 1 
2 1 225 111 225 1 
2 1 113 207 209 210 1 
2 1 138 174 224 59 199 98 1 
2 1 223 64 175 289 138 1 
2 1 138 211 149 170 89 130 56 207 209 210 1 
2 1 76 137 267 60 135 1 
2 1 49 249 49 1 
2 1 120 163 7 73 280 1 
2 1 13 1 
2 1 138 211 123 211 138 1 
2 1 120 109 176 109 120 1 
2 1 215 260 215 141 120 1 
2 1 120 112 264 8 209 210 1 
2 1 210 143 133 143 210 1 
2 1 122 121 36 224 174 138 1 
2 1 138 211 259 211 138 1 
2 1 76 269 76 1 
2 1 284 205 73 277 193 289 138 1 
2 1 235 243 235 1 
2 1 138 174 254 234 92 149 1 
2 1 138 174 254 159 254 174 138 1 
2 1 138 83 78 83 138 1 
2 1 49 220 218 53 126 69 210 1 
2 1 138 174 139 147 96 211 138 1 
2 1 76 165 38 166 76 1 
2 1 120 145 290 218 220 49 1 
2 1 138 4 138 1 
2 1 79 226 274 5 1 
2 1 122 194 122 1 
2 1 33 168 33 1 
2 1 76 166 47 166 76 1 
2 1 122 67 162 271 132 166 76 1 
2 1 210 108 278 108 210 1 
2 1 138 247 138 1 
2 1 138 287 257 194 122 1 
2 1 122 81 99 123 211 138 1 
2 1 57 97 80 132 166 76 1 
2 1 11 156 11 1 
2 1 48 1 
2 1 5 265 5 1 
2 1 13 241 299 110 289 138 1 
2 1 225 111 183 111 225 1 
2 1 138 4 177 247 138 1 
2 1 113 180 113 1 
2 1 13 237 220 49 1 
2 1 76 188 76 1 
2 1 120 124 114 228 86 218 220 49 1 
2 1 296 255 296 1 
2 1 76 166 136 166 76 1 
2 1 223 32 105 142 101 125 138 1 
2 1 76 137 55 178 125 138 1 
2 1 76 166 294 166 76 1 
2 1 210 246 3 269 76 1 
2 1 76 137 300 137 76 1 
2 1 49 220 218 104 218 220 49 1 
2 1 296 230 296 1 
2 1 76 165 38 52 38 166 76 1 
2 1 189 1 
2 1 210 69 25 69 210 1 
2 1 110 1 
2 1 76 165 288 154 211 138 1 
2 1 210 246 208 246 210 1 
2 1 122 81 270 166 76 1 
2 1 76 165 251 165 76 1 
2 1 296 146 296 1 
2 1 138 236 138 1 
2 1 210 209 231 209 210 1 
2 1 210 69 126 18 126 69 210 1 
2 1 27 1 
2 1 76 137 267 196 55 137 76 1 
2 1 76 166 132 127 132 166 76 1 
2 1 12 54 12 166 76 1 
2 1 275 65 120 1 
2 1 210 263 189 1 
2 1 210 209 128 231 209 210 1 
2 1 284 44 42 84 1 
2 1 189 227 130 56 207 209 210 1 
2 1 138 247 151 247 138 1 
3 1 120 5 184 218 216 210 1 
3 1 120 164 22 164 120 1 
3 1 138 174 232 240 41 164 120 1 
3 1 79 100 79 1 
3 1 120 112 264 112 120 1 
3 1 284 153 164 120 1 
3 1 138 211 162 37 255 296 1 
3 1 187 10 87 74 242 32 223 1 
3 1 280 205 266 233 120 1 
3 1 284 134 103 156 11 1 
3 1 120 21 18 126 69 210 1 
3 1 120 141 95 93 200 185 79 1 
3 1 120 109 165 76 1 
3 1 79 185 126 69 210 1 
3 1 225 261 29 111 225 1 
3 1 120 164 41 213 90 167 1 
3 1 120 169 278 108 210 1 
3 1 284 134 295 116 109 120 1 
3 1 284 205 73 42 206 265 5 1 
3 1 49 220 131 220 49 1 
3 1 120 124 181 124 44 42 1 
3 1 122 129 76 105 32 223 1 
3 1 284 44 140 120 1 
3 1 79 100 39 244 136 166 76 1 
3 1 120 141 202 256 202 141 120 1 
3 1 138 211 149 9 98 155 1 
3 1 284 134 204 171 84 42 1 
3 1 223 66 143 210 1 
3 1 120 164 232 148 287 94 122 1 
3 1 120 250 222 1 
3 1 138 125 291 125 138 1 
3 1 215 150 51 104 218 220 49 1 
3 1 187 262 204 42 1 
3 1 49 186 182 186 49 1 
3 1 138 211 96 47 166 76 1 
3 1 138 118 138 1 
3 1 57 214 91 49 1 
3 1 79 100 192 272 256 202 141 120 1 
3 1 120 164 232 148 298 224 36 224 174 138 1 
3 1 138 83 138 1 
3 1 76 166 267 125 138 1 
3 1 138 118 172 63 52 114 84 42 1 
3 1 120 115 24 183 111 225 1 
3 1 122 94 122 1 
3 1 120 26 198 173 225 1 
3 1 5 292 135 137 76 1 
3 1 120 23 99 123 211 138 1 
3 1 238 154 211 138 1 
3 1 120 109 75 252 5 1 
3 1 120 109 195 33 281 174 138 1 
3 1 120 169 161 32 8 264 112 120 1 
3 1 284 205 212 199 98 1 
3 1 225 203 88 100 79 1 
3 1 138 118 72 177 247 138 1 
3 1 225 173 225 1 
3 1 85 1 
3 1 120 112 285 97 209 210 1 
3 1 120 163 70 280 1 
3 1 120 258 19 123 211 138 1 
3 1 138 273 138 1 
3 1 158 282 236 138 1 
3 1 122 121 170 149 1 
3 1 238 34 172 118 138 1 
3 1 138 211 30 149 1 
3 1 79 185 200 217 120 1 
3 1 235 279 138 1 
3 1 122 129 286 20 60 271 132 166 76 1 
3 1 120 258 197 5 1 
3 1 79 100 261 221 46 198 79 1 
3 1 45 29 198 183 48 1 
3 1 138 211 149 240 15 41 164 120 1 
3 1 280 184 144 7 73 280 1 
3 1 79 100 261 29 248 185 79 1 
3 1 138 174 139 58 13 1 
3 1 268 201 1 
3 1 138 211 119 211 138 1 
3 1 120 140 61 64 218 220 49 1 
3 1 238 190 1 
3 1 76 106 76 1 
3 1 179 71 44 42 1 
3 1 138 289 138 1 
3 1 5 252 50 247 138 1 
3 1 79 226 293 155 1 
3 1 138 211 30 297 149 1 
3 1 76 137 77 210 1 
3 1 210 35 191 35 210 1 
3 1 16 202 141 120 1 
3 1 284 205 73 219 246 210 1 
3 1 138 125 101 125 138 1 
3 1 138 174 254 174 138 1 
3 1 120 250 6 245 85 1 
3 1 120 164 153 152 269 76 1 
3 1 296 1 
3 1 138 174 139 43 67 78 83 138 1 
3 1 225 173 157 62 229 1 
3 1 12 166 76 1 
3 1 223 68 17 37 44 42 1 
3 1 138 211 14 211 138 1 
3 1 113 1 
3 1 138 174 224 59 224 174 138 1 
3 1 117 274 5 1 
3 1 122 81 297 149 1 
3 1 223 64 175 289 138 1 
3 1 49 249 49 1 
3 1 120 164 9 102 9 164 120 1 
3 1 13 1 
3 1 120 109 176 2 138 1 
3 1 225 111 62 111 225 1 
3 1 11 56 288 165 76 1 
3 1 98 107 277 73 280 1 
3 1 215 260 300 76 1 
3 1 210 143 133 143 210 1 
3 1 138 211 259 211 138 1 
3 1 235 243 235 1 
3 1 138 174 254 234 25 69 210 1 
3 1 138 174 254 159 254 174 138 1 
3 1 138 83 78 83 138 1 
3 1 49 220 218 53 84 42 1 
3 1 120 283 168 33 1 
3 1 275 122 1 
3 1 138 174 139 147 65 275 122 1 
3 1 122 121 92 149 1 
3 1 76 165 38 3 269 76 1 
3 1 120 145 120 1 
3 1 138 4 138 1 
3 1 5 252 50 31 50 252 5 1 
3 1 122 194 122 1 
3 1 210 108 210 1 
3 1 296 28 296 1 
3 1 138 287 257 287 138 1 
3 1 57 97 80 97 57 1 
3 1 296 40 12 1 
3 1 13 241 82 76 1 
3 1 49 220 218 290 55 137 76 1 
3 1 113 180 113 1 
3 1 49 220 218 86 218 220 49 1 
3 1 13 237 13 1 
3 1 76 188 76 1 
3 1 113 180 239 180 113 1 
3 1 76 166 136 166 76 1 
3 1 76 166 294 166 76 1 
3 1 210 69 210 1 
3 1 13 237 276 76 1 
3 1 76 166 142 101 125 138 1 
3 1 210 209 207 209 210 1 
3 1 76 166 132 166 76 1 
3 1 296 28 178 125 138 1 
3 1 296 230 296 1 
3 1 189 1 
3 1 110 289 138 1 
3 1 49 220 218 160 218 220 49 1 
3 1 76 166 132 271 132 166 76 1 
3 1 210 246 208 246 210 1 
3 1 122 81 270 83 138 1 
3 1 189 227 189 1 
3 1 76 165 251 27 1 
3 1 296 146 296 1 
3 1 138 236 138 1 
3 1 210 209 231 209 210 1 
3 1 210 69 25 253 25 69 210 1 
3 1 76 137 267 196 55 137 76 1 
3 1 76 166 132 127 132 166 76 1 
3 1 76 137 267 60 271 132 166 76 1 
3 1 12 54 12 1 
3 1 210 263 189 1 
3 1 49 220 218 86 228 114 84 42 1 
3 1 138 289 193 289 138 1 
3 1 210 209 128 231 209 210 1 
3 1 110 299 110 289 138 1 
3 1 210 209 89 130 56 207 209 210 1 
3 1 189 227 130 56 207 209 210 1 
3 1 138 247 151 201 1 
