50,50
1,59.14886,93.6399,0,0,0
2,50.27013,67.13848,42.94891,12.29937,5.996362
3,2.555783,73.65849,31.01033,21.08528,10.0547
4,73.94342,23.98953,42.00455,27.69926,30.60988
5,31.32813,18.93024,24.5398,27.34894,36.59693
6,88.87056,14.35689,20.87749,26.29902,9.451326
7,68.14293,23.81641,47.97217,4.523579,8.003767
8,19.95627,38.3786,6.464966,13.33364,0.6055499
9,58.73208,62.82169,27.9162,41.87311,3.916066
10,37.23933,77.09565,16.07141,46.01724,34.35744
11,0.4798331,10.6578,44.25658,11.27747,6.724437
12,73.42773,52.13723,22.3222,5.517887,1.671249
13,47.58812,6.122393,41.85384,8.368563,14.05429
14,49.2223,17.44262,43.54464,33.49035,17.13782
15,37.72424,74.03345,4.128117,37.88844,48.8746
16,11.20708,5.565435,35.35471,36.39087,12.08909
17,29.53555,26.58545,19.27002,13.83355,9.569238
18,60.44034,22.46172,7.595498,43.82433,10.41337
19,4.453437,64.89482,23.39961,2.134752,32.52602
20,64.17183,53.88443,16.37279,27.58174,6.737092
21,3.21323,72.21601,3.934389,3.368142,3.569211
22,6.023834,19.1452,46.16182,42.5624,13.357
23,26.97388,65.6454,30.7471,20.70664,8.537178
24,26.00852,89.58263,36.06667,5.781469,27.39952
25,90.38466,36.70503,7.565122,6.74588,21.47375
26,68.06848,95.94927,7.77994,48.4479,27.72077
27,64.68956,49.72992,6.839155,33.59359,39.40655
28,68.55032,85.15833,5.21284,2.308587,4.564071
29,24.29497,48.83897,45.54462,32.5608,24.3162
30,1.993665,36.02449,18.0471,2.640005,4.001878
31,54.37293,78.30282,44.30372,18.43324,42.55762
32,5.195641,65.3681,38.84543,26.22512,41.33987
33,36.45737,47.13629,2.025174,5.894048,40.93717
34,18.70543,10.45424,13.30985,25.95732,49.31727
35,41.01154,30.54741,0.7064154,32.18154,30.32585
36,24.81164,48.17098,49.6088,0.9157346,8.962564
37,59.20868,37.21112,36.39871,11.40272,23.56804
38,13.52451,78.55179,13.10163,27.46319,23.90294
39,43.42978,70.07407,12.57182,31.70511,31.67819
40,56.00822,44.8829,7.065417,10.85264,38.1402
41,19.24748,30.63346,18.67736,45.88078,31.29455
42,49.65725,73.59197,4.659532,14.45085,41.09163
43,27.09401,99.3963,0.9810089,45.72198,15.48219
44,97.41762,93.63081,48.95787,46.48403,25.00154
45,65.93429,71.74243,3.788432,35.38134,10.65335
46,42.72182,84.82077,32.39484,16.86764,15.63296
47,57.07805,93.1315,16.85964,27.90278,12.086
48,41.09582,4.583031,29.76676,27.88718,45.89561
49,43.50598,46.80687,7.034247,42.2469,8.327041
50,26.63023,53.98687,3.918777,13.3052,20.37928
47,27,46.42364,0,50
14,5,20.01194,0,50
11,10,84.38618,0,50
8,29,12.38982,0,50
11,7,80.44746,0,50
25,1,75.25743,0,50
25,18,35.85852,0,50
43,13,97.04668,0,50
6,48,55.43901,0,50
33,16,51.13348,0,50
28,30,85.79849,0,50
46,49,45.35554,0,50
25,40,35.78862,0,50
32,8,34.68614,0,50
13,21,83.36445,0,50
39,11,84.26335,0,50
8,49,25.27703,0,50
43,9,52.68796,0,50
15,22,68.61988,0,50
33,10,31.02608,0,50
9,48,70.47088,0,50
41,15,48.38932,0,50
16,5,28.78847,0,50
14,34,31.51223,0,50
3,19,9.912898,0,50
30,11,26.50566,0,50
12,7,32.42349,0,50
36,48,54.88112,0,50
7,41,52.55696,0,50
27,4,30.05647,0,50
19,25,104.8678,0,50
11,45,106.361,0,50
48,39,78.29184,0,50
28,29,59.05717,0,50
46,38,33.33966,0,50
3,34,71.51601,0,50
8,27,48.66538,0,50
8,26,86.2373,0,50
19,24,34.98512,0,50
10,23,17.95196,0,50
4,35,37.05768,0,50
6,17,61.66916,0,50
25,50,67.7024,0,50
1,20,47.93353,0,50
21,2,49.27518,0,50
13,42,71.99498,0,50
44,42,52.9171,0,50
36,37,37.28226,0,50
25,31,60.54038,0,50
28,14,83.18858,0,50
25,43,103.9228,0,50
12,38,69.74201,0,50
2,50,29.95903,0,50
41,13,41.33815,0,50
23,48,67.61562,0,50
43,20,69.6899,0,50
29,19,28.11169,0,50
12,6,44.25059,0,50
20,1,42.96392,0,50
50,6,85.57229,0,50
26,38,61.86044,0,50
40,22,57.58661,0,50
5,21,62.623,0,50
8,45,57.63247,0,50
21,14,83.0669,0,50
7,22,70.18022,0,50
48,3,84.39357,0,50
31,40,33.49752,0,50
19,40,57.50586,1,50
45,26,26.80171,0,50
46,48,82.36522,0,50
6,30,97.93192,1,50
1,19,70.45652,0,50
49,36,19.98795,1,27.63399
12,15,43.24267,1,50
40,46,44.6115,0,50
7,1,79.82364,0,50
13,32,83.91318,0,50
46,20,41.10215,1,50
1,43,34.46737,1,50
19,35,56.74716,0,50
42,33,29.79946,0,50
45,47,25.13187,1,50
3,23,26.41495,0,50
21,26,73.22257,1,50
21,46,48.77198,1,50
1,17,76.30685,0,50
30,3,40.51574,1,50
47,11,100.3092,0,50
36,25,67.8879,0,50
15,21,39.83302,0,50
9,19,59.34744,0,34.36407
33,20,33.61875,0,50
15,14,65.59535,0,50
9,50,35.77603,1,50
46,3,43.45567,0,50
45,11,98.37657,0,50
7,44,81.1157,1,50
27,32,67.13717,0,50
36,8,11.6469,0,50
3,10,40.27646,0,50
38,27,60.57113,0,50
11,48,42.64317,0,50
24,35,70.49625,0,50
43,28,49.54978,1,50
39,46,15.83446,0,50
13,20,53.02223,0,50
11,20,82.67212,0,50
19,28,71.27013,0,50
23,22,56.63217,0,50
34,4,61.55848,0,50
47,16,112.9091,1,50
27,41,50.59609,0,50
50,4,57.71868,0,50
27,1,47.86685,0,50
14,21,79.91074,1,50
7,14,23.12579,0,50
39,6,72.02772,0,50
31,26,23.09525,1,50
24,23,26.0258,0,50
31,22,90.23417,1,50
7,36,54.15802,0,50
17,42,56.13464,0,50
49,26,57.3621,1,50
47,18,81.72088,0,26.44788
30,22,19.85763,0,50
33,49,7.408544,0,50
40,16,62.70818,0,50
15,45,29.93284,0,50
14,35,18.19141,0,34.45123
46,30,65.43792,0,50
7,15,60.49892,0,50
12,29,50.8786,0,50
27,36,40.76427,0,50
39,13,68.50415,1,50
29,22,36.13938,1,50
13,15,73.99046,0,50
2,44,60.99042,0,50
49,7,35.17149,0,50
5,9,58.8307,0,50
44,46,57.80233,0,50
5,11,35.49112,0,50
6,43,111.363,0,50
47,32,59.16759,0,50
22,46,77.65474,0,50
35,4,35.84719,0,50
29,49,22.80072,0,50
10,37,52.90984,0,50
17,16,31.45746,0,50
32,47,66.89446,0,50
43,19,42.67915,0,50
26,50,67.11993,1,50
24,33,48.99565,0,50
37,39,39.34018,1,50
21,8,40.29557,0,50
34,17,22.25059,0,50
29,39,31.89402,0,50
6,2,75.09125,0,50
42,18,56.63662,0,50
15,20,37.6222,0,50
33,3,44.63823,0,50
45,38,53.89673,0,50
14,36,42.17257,0,50
15,7,60.68708,0,50
13,24,95.21494,0,50
45,32,62.82532,0,50
30,26,95.09397,0,50
3,4,93.82949,0,50
47,34,91.64103,0,50
13,37,36.73829,0,50
20,19,69.39193,0,50
32,26,72.77056,0,50
24,36,42.30655,1,50
41,14,35.97244,0,50
29,46,46.82179,0,50
17,28,72.42093,0,50
49,2,21.90804,0,50
34,7,54.40716,0,50
28,46,27.56878,0,50
3,20,67.89456,0,50
30,24,67.08549,0,24.34362
45,24,47.94653,0,50
30,13,55.79191,0,50
20,38,56.84371,0,50
39,15,7.008274,0,50
3,11,64.22925,0,50
20,31,30.33262,0,50
33,42,33.27429,0,50
13,4,34.73019,0,50
44,36,87.88537,0,50
32,1,60.98303,0,50
30,7,73.75064,1,50
44,7,85.27942,0,50
47,31,16.87251,0,50
37,27,15.88948,0,50
2,5,56.56097,0,50
12,17,56.51067,1,50
13,2,62.25654,0,50
27,43,62.50936,0,50
19,47,67.34086,0,50
16,6,82.79513,0,50
19,23,23.38293,0,50
49,44,82.31161,0,50
17,48,29.14079,0,50
6,32,113.3369,0,50
37,5,34.15616,0,50
42,22,75.5123,0,29.41873
33,24,52.16187,1,50
31,37,46.18834,1,50
43,23,34.41302,0,50
25,11,93.60505,0,50
26,10,40.00312,0,50
49,10,36.35277,1,50
11,21,64.62027,0,50
45,20,21.20344,0,50
47,37,57.3826,0,50
33,28,49.91858,0,50
1,47,2.235439,0,21.44421
42,35,46.35274,0,50
40,34,58.0512,1,50
17,38,58.47865,0,50
20,16,83.83186,0,50
48,29,55.10737,0,50
14,32,74.17784,0,50
15,38,24.77798,0,50
16,20,78.71488,0,50
33,11,53.19734,0,50
36,9,37.20761,0,50
24,7,87.3885,0,50
2,28,27.18189,1,50
49,25,54.08818,0,50
35,3,66.31147,1,50
19,6,113.7846,0,50
11,15,85.23179,0,50
7,30,79.23831,0,50
3,40,70.18455,0,50
35,43,81.59117,1,50
35,37,21.72689,0,50
36,32,30.91383,0,50
14,41,34.98077,0,50
44,39,61.44505,0,50
19,15,38.78123,0,50
21,32,7.671753,0,50
25,26,66.7403,1,50
38,4,86.29409,0,50
10,28,37.96338,0,50
28,18,69.37903,0,24.17003
44,27,56.93913,1,50
15,19,38.79855,0,50
24,40,57.03922,0,50
13,9,69.0665,0,50
1,22,98.8106,1,50
40,42,31.41296,0,50
19,50,26.6165,0,50
20,6,48.60662,0,50
8,23,30.06951,0,50
8,43,62.29278,1,50
33,12,37.49292,0,50
38,17,63.75595,0,50
33,26,67.3354,0,50
46,12,52.40716,1,50
19,41,42.87618,0,50
2,25,53.80674,1,50
35,12,45.68331,0,50
45,25,48.84292,0,50
24,10,19.95776,1,50
10,25,67.43996,0,50
44,20,56.85281,1,50
17,26,89.71904,0,50
33,40,21.18602,0,50
25,17,71.1039,0,50
2,11,75.9994,0,50
1,25,74.09132,0,50
3,45,71.50562,0,50
24,1,33.72236,1,50
35,21,56.65296,0,50
5,43,86.52333,0,50
5,49,35.33465,0,23.11782
21,13,93.54115,1,50
4,39,59.4976,0,50
11,32,64.96391,0,50
28,42,22.80445,0,50
23,44,84.02735,1,50
28,8,73.41536,0,50
10,12,44.31194,0,50
49,8,26.91931,0,50
26,6,94.6651,1,50
7,39,56.85265,0,50
20,3,67.29346,0,50
7,21,86.44049,0,50
44,12,54.54032,0,50
13,31,72.8603,0,50
34,43,99.57014,0,50
33,9,31.66819,0,50
7,32,76.57749,1,50
37,15,48.686,0,39.11504
43,5,89.72259,0,42.73987
41,31,66.25801,0,50
9,13,68.34935,0,50
6,35,58.62489,0,50
6,20,47.27433,0,28.3178
11,8,35.5173,1,50
19,5,63.30957,0,50
30,43,70.39405,0,50
4,7,6.629821,0,50
2,13,69.18008,0,50
30,6,95.24861,0,50
23,50,12.2707,0,50
28,48,88.38753,0,50
49,24,47.5413,0,50
8,15,39.96866,0,50
11,29,49.26466,0,50
38,24,19.45518,0,50
34,11,20.30571,0,50
21,6,122.7118,1,50
14,50,46.36433,0,50
34,10,79.98971,1,50
38,16,85.8019,1,50
11,5,36.66655,0,50
22,34,16.87937,0,50
25,34,80.08174,0,50
1,5,87.98565,0,50
49,42,32.07763,0,50
50,19,27.53649,0,50
42,46,15.35097,1,50
2,16,85.65417,0,50
3,41,46.74762,0,50
2,3,56.14886,0,50
11,44,142.0588,0,50
10,3,38.01631,0,50
11,19,62.8014,0,50
18,42,60.07813,0,50
44,40,74.22039,0,50
16,19,60.69483,0,50
16,50,59.7538,0,50
9,43,52.80155,0,50
10,39,10.43639,1,50
24,4,83.91667,0,50
50,44,96.43055,0,50
44,17,114.4069,0,50
5,19,63.36945,0,50
13,22,48.94615,1,50
6,18,35.46071,0,50
20,42,26.05402,0,50
30,45,81.74223,0,50
9,49,26.06802,0,50
48,20,59.07387,0,50
20,39,26.86303,0,50
6,42,82.72346,0,50
18,27,32.77335,0,50
13,25,54.29511,0,50
21,11,69.35175,0,50
32,29,25.7953,0,50
45,6,71.4925,0,50
31,39,15.35471,0,50
35,31,50.42439,0,50
32,18,71.26853,0,50
24,16,86.59227,0,50
37,34,51.79256,0,50
6,21,104.6013,1,50
16,8,35.31722,0,50
3,1,66.62868,0,50
29,15,33.8862,0,50
39,9,19.51803,1,50
19,39,43.1216,0,50
24,50,41.63458,0,39.21375
12,23,48.40284,0,50
50,14,45.67017,0,50
14,37,23.08193,0,50
36,20,47.44687,0,50
18,26,75.33834,0,50
11,36,50.57738,0,35.89921
37,30,64.37738,1,50
12,48,66.24524,0,50
9,21,57.59358,0,50
22,50,46.81272,1,50
36,35,26.15283,0,50
50,38,29.03311,0,50
1,6,88.82318,0,50
24,29,43.32638,1,50
27,31,30.54704,0,28.98046
38,48,93.67517,0,50
35,50,30.46842,0,50
47,3,63.41701,0,50
25,49,49.41134,0,23.57988
1,41,79.76696,0,50
16,13,36.58504,0,50
9,33,29.89906,0,50
35,8,24.01742,0,50
42,39,8.032128,0,50
39,12,38.85588,0,50
41,18,43.46505,0,50
27,40,11.17394,0,50
12,35,44.99849,1,50
31,28,15.87985,1,50
6,29,81.95436,0,50
17,10,55.35123,0,50
47,4,73.73252,0,50
18,24,84.6131,0,50
26,18,83.48105,0,50
4,44,85.30382,0,50
35,38,58.45157,0,50
12,49,30.58469,0,50
45,36,54.28875,1,50
36,47,55.97206,0,50
18,39,59.14508,0,50
33,23,24.27979,0,50
25,29,68.71401,0,30.37547
15,49,33.1187,1,50
36,3,34.63214,1,50
3,2,56.08146,0,50
46,5,73.95462,0,26.42267
43,22,98.3383,0,50
15,29,29.35528,1,50
20,27,4.215923,0,50
36,1,66.201,0,50
40,6,45.57996,1,50
19,7,84.36423,0,23.25623
34,44,127.4752,0,50
43,30,77.80017,0,50
35,5,17.95099,0,50
42,47,21.68315,0,32.91889
41,11,31.99303,0,50
23,28,50.29851,0,50
46,37,58.4159,0,50
50,32,26.45499,0,50
11,33,55.55316,0,50
26,20,42.68864,0,50
41,48,35.86414,1,50
31,24,36.00336,1,50
16,15,80.64869,0,50
8,12,64.16373,0,50
41,33,27.81249,0,50
2,45,18.49893,0,50
23,43,34.56322,0,50
26,32,80.24476,1,50
50,16,59.3354,0,50
14,11,58.68098,1,50
33,29,13.21109,0,50
21,20,67.49648,0,50
20,13,58.54651,0,50
36,5,30.13081,0,50
35,47,66.44234,0,50
12,40,21.17001,0,50
43,36,59.59622,1,50
49,11,64.14241,0,50
5,15,59.01476,1,50
4,2,58.01584,0,50
36,17,22.98354,0,50
7,23,64.41775,0,25.43678
15,25,65.80538,0,50
23,35,38.30084,0,50
50,28,60.13884,0,50
17,14,25.7718,0,50
20,25,31.76086,1,50
2,49,24.09007,1,50
36,33,12.47591,0,50
26,47,12.16267,0,50
45,50,50.02893,0,50
50,23,12.52443,0,50
47,5,81.05093,0,50
28,35,64.90971,0,50
15,42,13.08679,0,50
30,40,56.24708,0,50
32,50,28.72715,1,50
21,33,43.31687,0,50
38,42,43.0906,0,50
13,5,23.08273,0,50
37,48,42.93227,0,50
10,1,27.78637,0,50
35,29,26.8559,0,50
14,46,77.55388,0,50
38,2,38.60672,0,50
14,23,53.40677,0,50
6,46,99.81262,0,50
18,45,58.82525,0,50
27,7,28.49174,0,50
46,34,86.01162,0,50
40,20,14.21884,0,50
24,6,106.2731,0,50
14,19,71.77985,1,50
13,19,76.69838,0,50
30,15,58.11301,0,50
37,6,43.84683,0,50
31,10,18.79771,0,50
6,41,82.44121,0,50
44,48,112.2219,0,50
40,38,62.21516,0,37.49541
41,35,25.1867,0,50
1,13,100.0158,0,50
10,21,40.55883,0,50
39,34,64.86192,0,43.49626
32,25,99.88509,1,50
29,50,6.697985,0,50
38,25,97.96858,0,50
46,29,44.42926,0,50
8,17,16.85291,0,50
22,19,51.43796,0,50
38,13,89.80135,0,50
31,1,16.10426,0,50
24,26,42.8472,0,50
41,6,75.96162,0,50
38,22,64.46465,0,50
28,49,50.21662,1,50
22,40,60.47932,0,50
21,5,64.46339,1,50
43,29,57.14079,0,50
1,42,23.77275,1,50
40,9,20.63066,1,50
3,12,87.49188,0,50
36,13,49.00774,0,50
45,9,13.09547,1,50
44,37,75.8817,0,50
36,18,44.26845,0,50
5,25,62.42647,0,50
5,1,81.79226,0,50
39,45,23.09393,0,50
22,28,91.61762,0,50
10,42,15.12564,0,50
21,7,95.96462,0,50
20,18,37.122,0,50
18,34,49.79237,0,50
40,4,28.79385,0,50
49,22,50.33929,0,50
11,18,65.144,0,50
1,3,62.43959,0,50
12,44,56.20496,0,50
23,2,25.16904,0,50
26,29,76.1549,0,50
20,7,32.18499,0,50
10,5,62.1625,1,50
25,19,102.3652,0,50
44,8,107.2157,0,50
17,25,70.35391,0,50
28,6,77.22501,1,50
35,15,46.59775,0,50
25,27,33.40522,0,50
46,28,30.36157,1,50
22,43,96.32261,0,50
24,30,59.50073,0,50
41,19,42.6113,0,50
27,37,15.04273,0,50
27,29,45.81174,1,50
10,13,75.61599,0,50
48,26,95.97235,0,50
10,41,53.3665,1,43.21901
26,35,73.04705,0,50
5,8,27.00774,0,50
41,46,67.65505,1,50
50,12,51.57763,0,50
13,28,90.01155,0,50
16,10,77.10722,0,50
49,46,38.48628,1,50
46,33,44.29362,0,50
40,45,30.57251,0,50
25,7,29.52952,0,50
36,42,37.03538,1,50
34,33,46.99048,0,28.09584
36,24,44.64485,0,50
43,2,40.0957,1,50
39,42,8.210645,0,50
33,37,25.65726,0,50
19,44,99.503,1,50
44,47,44.47774,0,50
48,8,46.12891,1,50
24,17,75.06847,0,50
8,24,54.83134,0,50
30,19,30.62282,1,50
6,50,86.1671,0,50
38,14,78.68277,0,50
34,30,34.41785,0,50
43,27,62.62364,0,50
2,26,34.03465,0,50
30,32,29.93746,0,50
7,45,52.13567,0,50
32,28,71.47654,0,50
43,48,109.4318,0,22.36229
49,20,22.40426,1,50
19,43,45.80853,0,50
21,47,62.69472,1,50
37,47,60.13875,1,50
49,1,58.97864,0,50
32,22,53.62103,0,29.78373
2,21,54.64439,0,50
8,42,48.62332,0,50
32,16,61.73315,0,50
32,31,60.66839,0,50
2,17,52.02994,0,50
36,6,83.67353,0,50
49,28,48.29753,0,50
46,43,25.46522,0,50
4,49,39.0874,0,50
17,3,54.39459,0,50
2,41,49.17367,0,50
20,26,49.14442,0,50
38,39,37.11325,0,50
29,48,55.26779,0,50
11,46,86.35704,0,50
16,48,30.21507,0,50
34,19,66.30231,0,50
17,37,33.70009,0,50
4,38,97.54014,0,50
43,45,49.15852,1,50
45,39,23.44761,0,50
45,4,50.71197,0,50
17,41,11.69181,1,50
41,50,25.30822,0,50
42,11,82.50823,0,50
37,14,23.08487,1,50
40,32,56.40746,0,50
25,14,52.6187,0,50
11,12,93.1358,0,50
38,36,32.64667,0,50
46,21,43.52298,0,50
34,29,44.08679,0,50
46,41,63.41577,0,50
50,25,66.92775,0,50
11,39,85.11793,1,50
19,14,65.59394,0,29.40246
3,8,46.96832,0,50
34,24,82.93083,0,50
21,10,34.4736,0,50
35,30,46.44443,0,43.58523
13,11,51.49768,0,50
44,1,40.20962,0,50
26,30,102.7039,1,50
47,14,76.78033,0,50
22,30,18.31821,0,50
43,15,32.57992,1,50
8,32,32.88764,0,50
48,44,122.4803,0,50
8,31,55.47567,0,50
15,44,70.32541,0,50
17,12,54.76156,0,24.83228
12,3,77.09099,0,36.28454
27,24,62.63954,0,50
21,31,57.4449,1,50
40,48,50.13509,0,50
2,40,23.39933,0,50
13,10,78.54249,1,20.61704
43,18,85.33436,0,50
17,23,43.71735,0,50
4,3,95.49734,0,50
36,38,34.04459,0,37.38187
1,2,31.6992,0,50
14,39,58.58471,0,50
35,2,37.95045,0,50
18,16,61.75123,0,50
12,19,77.10509,1,50
45,42,19.56757,0,50
14,44,90.43839,0,50
16,30,33.41312,0,50
19,33,42.80152,0,50
24,5,74.44272,0,50
5,17,8.967862,0,50
35,49,18.5741,0,50
8,1,76.65883,1,50
33,38,40.03727,0,50
4,10,67.74981,0,50
27,26,48.68527,1,50
18,47,73.87215,0,50
16,32,71.9712,1,50
9,44,57.61803,0,50
27,14,41.86899,0,50
40,50,34.75202,0,50
34,20,66.94361,0,50
40,23,39.53555,0,50
50,1,59.55357,0,50
8,41,8.240195,0,50
20,8,49.90224,0,50
36,14,44.5928,1,50
29,42,35.97267,0,50
32,6,108.9875,1,50
49,23,25.79935,0,50
36,22,39.26784,0,50
22,18,54.99631,0,50
17,5,8.721969,0,50
12,9,19.26319,0,50
43,38,26.54506,1,50
41,39,46.67506,0,50
49,47,55.17632,0,50
38,30,47.3643,0,50
37,46,52.42533,0,31.84073
10,47,30.28284,0,50
49,50,18.91785,0,50
33,45,42.35643,0,50
28,3,79.40915,0,50
50,36,6.820023,0,50
17,44,97.89072,0,50
1,30,87.95173,0,50
38,35,57.65211,0,50
33,46,38.87022,0,50
48,4,43.94732,1,50
39,29,30.47757,1,32.81324
44,6,88.60649,0,50
23,31,31.51263,0,50
46,22,78.51983,0,50
28,25,57.91883,0,24.36153
36,2,32.71533,0,50
7,4,6.752698,1,50
39,30,57.5124,0,50
18,44,85.82171,0,50
14,29,41.3231,0,50
31,45,15.32978,1,50
5,2,53.34109,0,50
3,27,72.00799,0,50
50,15,25.20425,0,50
36,26,65.27933,0,50
30,9,72.55032,0,50
41,24,63.36322,0,50
12,43,74.55341,0,50
32,38,15.81361,0,50
16,45,96.57652,0,50
14,9,54.53768,0,50
27,15,36.8142,0,50
42,28,25.84972,1,50
17,22,29.51279,0,50
19,11,61.16141,0,50
44,32,111.7884,0,50
40,49,13.42696,0,50
26,42,32.67588,0,36.79445
6,39,74.00189,0,50
34,2,71.47451,0,50
32,17,48.71106,0,50
9,11,84.027,1,50
50,35,31.07838,0,50
43,35,83.82412,0,50
37,43,74.95345,0,50
48,33,44.27871,0,50
42,4,62.8493,0,50
8,4,60.73253,0,36.72482
13,43,99.78561,1,50
43,10,26.76871,0,50
15,5,65.13496,0,50
49,3,49.55338,0,50
21,23,28.95078,0,50
11,42,89.8402,0,50
26,19,79.06306,0,50
33,48,48.43981,0,50
6,25,26.66603,0,50
50,39,23.29946,0,50
17,35,13.83298,0,50
4,29,55.7918,0,50
8,33,18.95536,0,50
5,10,66.62411,0,50
11,4,88.39367,1,50
2,27,23.79959,0,50
45,15,31.66286,1,50
45,27,24.41768,0,50
22,15,71.61731,0,50
21,38,12.94252,0,50
18,8,50.62055,0,50
35,36,24.8895,0,50
26,39,41.23584,0,50
47,7,80.61701,0,50
5,28,83.05635,0,36.34164
17,40,32.91071,1,50
34,40,55.99152,0,50
43,49,55.39303,0,50
3,48,94.69611,1,50
45,46,29.78809,0,50
47,41,74.21099,0,50
38,8,41.73645,0,50
7,26,73.30347,0,50
16,34,10.13772,0,50
19,32,1.000981,0,50
15,37,50.01075,0,50
36,44,97.33472,0,50
6,49,57.88007,0,50
1,44,44.40972,0,50
37,10,54.46337,1,50
43,24,11.81134,0,50
45,43,49.58701,0,50
28,5,88.17404,0,50
50,18,55.47202,0,50
15,47,29.86149,0,50
27,30,65.60446,0,50
46,14,79.71072,0,50
44,10,69.87436,0,50
10,9,26.13583,0,50
39,21,44.76565,0,50
32,20,71.48202,0,50
47,30,90.30423,0,50
27,28,40.7815,0,50
41,26,82.12098,0,50
8,36,11.16415,0,50
19,4,91.23096,0,50
4,18,15.70087,0,50
46,32,49.99423,1,50
48,17,25.18691,0,50
26,33,66.6584,0,50
21,44,97.4522,0,50
10,6,91.25654,0,50
38,18,74.2108,0,50
47,36,63.61593,1,50
12,10,47.90777,0,50
48,27,59.9586,0,50
26,14,91.32561,0,50
33,17,24.16864,0,50
35,44,99.36283,0,50
47,38,51.899,1,50
17,32,50.56012,0,50
12,50,49.19977,0,50
24,3,32.81155,0,50
14,28,80.37466,0,50
18,4,15.59766,0,50
13,35,26.72771,0,50
17,30,31.96003,1,50
45,8,60.57161,0,50
47,33,56.43099,0,50
43,7,102.5496,0,50
17,7,39.69931,1,50
27,12,9.91252,0,50
7,29,57.33156,0,50
49,15,28.50082,0,50
13,26,96.33933,1,38.94133
3,32,9.794758,0,50
45,48,79.42861,0,50
24,34,90.14432,0,50
25,3,97.44914,1,50
19,26,82.68833,0,50
4,13,34.59516,0,50
23,4,73.48255,0,50
21,9,62.5063,0,50
42,19,46.855,0,50
3,37,68.77892,0,50
45,16,89.38166,0,50
9,3,60.53813,0,50
49,45,39.45705,0,50
26,48,103.2893,0,50
45,28,15.57751,0,50
2,24,36.2471,0,50
5,50,38.0066,0,50
42,26,32.08925,1,50
34,15,68.28881,0,50
2,34,72.88154,1,50
31,50,40.99531,0,50
11,24,85.90193,0,50
33,39,28.10784,1,50
8,19,36.02477,0,50
20,10,41.35516,0,50
7,20,35.01513,0,50
21,42,50.11115,0,50
45,14,64.51261,0,50
20,50,38.52365,0,50
40,10,39.92337,0,50
38,43,28.72366,0,50
25,30,101.1338,0,50
29,32,26.10362,0,50
45,10,32.23177,0,50
29,12,51.8912,0,50
4,21,100.4988,0,50
39,10,9.718174,0,50
34,37,48.63606,0,50
46,11,95.83657,0,50
38,23,19.03923,0,50
17,2,47.678,0,50
23,41,40.14767,0,50
7,47,81.57599,0,50
12,2,29.03351,0,50
44,16,147.1527,0,50
24,19,33.37164,0,50
17,13,28.16845,0,50
42,32,47.81189,1,50
14,16,42.47486,0,50
8,34,29.23613,0,50
25,39,63.83669,0,50
7,5,38.74262,0,50
38,3,13.80802,0,50
36,19,29.40984,0,50
33,2,29.13194,0,50
25,21,110.7852,0,50
37,19,66.2246,0,50
2,22,68.57342,0,50
29,5,36.24501,0,50
34,3,66.20069,0,50
38,28,58.8548,0,50
17,24,75.34535,0,50
20,17,51.20836,0,50
14,17,26.01938,0,50
22,47,104.335,0,50
12,4,28.48453,0,50
3,24,32.4035,1,50
40,35,23.30433,1,50
22,32,47.9208,0,50
28,37,53.91622,1,50
13,41,43.80209,0,50
46,16,95.31679,0,50
10,2,16.96907,0,50
8,16,37.25078,0,50
1,27,50.60769,0,50
29,33,12.64429,1,50
9,35,40.47521,1,50
21,39,42.53598,0,50
9,40,20.81188,0,50
26,44,29.57688,0,50
16,24,94.14479,0,50
24,25,84.85694,0,50
33,36,13.71604,1,50
40,7,26.02193,0,50
10,34,80.56174,0,50
30,50,30.79126,0,50
16,46,98.754,0,50
33,47,50.80739,1,50
21,15,35.44997,0,50
49,41,30.06145,0,50
15,13,74.99295,0,50
9,37,28.8664,0,50
6,31,80.93944,0,50
21,18,82.17776,0,50
38,47,46.19713,0,50
24,18,81.22592,1,50
6,1,94.7884,0,50
36,34,44.95759,0,50
42,29,38.52257,0,50
1,7,75.77806,0,50
34,5,15.29753,0,50
13,49,43.44665,0,50
39,1,31.87268,0,50
21,41,50.60391,0,50
43,32,45.39949,0,50
12,13,61.58519,0,50
20,37,19.07643,0,50
25,12,24.91575,0,50
11,13,50.55075,0,50
26,36,70.42111,0,50
5,31,74.35474,0,50
26,34,102.2305,0,50
17,49,28.06074,0,50
50,8,20.01771,0,50
31,38,47.44496,0,50
42,17,61.29315,0,50
9,29,40.64344,0,50
13,45,81.04611,0,50
35,22,41.76243,0,50
34,31,81.17802,1,50
19,18,76.96353,1,50
7,6,23.92837,0,50
47,8,73.93163,1,50
40,37,9.651374,0,50
16,39,85.99675,0,50
50,31,37.71126,0,50
21,25,112.9458,0,31.13874
30,36,30.06324,0,50
1,15,32.91685,0,50
43,41,81.81418,0,50
32,39,39.94822,0,50
20,33,31.99734,0,50
16,3,68.67708,0,50
3,35,62.91326,0,50
17,36,26.18436,0,50
19,17,54.56514,0,50
13,50,55.1018,1,50
26,12,51.41147,0,50
23,11,65.92605,0,50
43,25,106.2707,1,50
37,24,72.04895,0,50
11,26,118.7437,0,50
48,42,75.4197,0,50
7,38,81.83883,0,50
28,1,13.40211,0,50
29,20,45.33148,0,50
7,42,56.50591,0,50
47,50,59.33326,0,50
39,16,80.8725,0,50
12,39,38.60137,0,50
21,45,73.85217,0,50
23,49,27.97825,0,50
24,44,76.13889,0,50
11,6,97.63057,0,50
7,33,40.97124,1,50
32,9,64.10994,0,50
47,2,28.18505,0,50
22,42,75.97866,0,50
28,44,32.8189,0,50
5,4,42.98617,1,50
26,17,81.25639,0,50
23,14,54.56069,0,50
26,9,40.83321,0,50
36,31,42.56757,1,50
45,2,19.42594,0,50
33,6,67.21364,0,50
37,36,41.16933,0,50
5,3,67.40554,0,25.6195
7,46,66.52476,1,50
42,12,32.44165,0,50
14,4,25.78738,0,50
16,35,39.16906,0,50
36,15,33.97494,0,50
24,8,59.62554,0,25.63208
25,44,67.58271,0,50
41,25,78.6633,0,50
32,11,56.69252,0,50
19,2,51.22726,0,50
49,5,35.39287,0,50
26,7,76.41928,0,50
42,43,36.2309,0,50
49,48,48.58152,0,50
14,10,68.62318,0,50
37,31,48.81986,0,50
35,7,30.3397,0,50
16,9,75.73102,0,28.85748
38,10,27.2279,0,50
31,44,49.28184,1,50
6,4,21.09362,1,50
14,2,56.17209,0,50
40,21,65.29966,0,50
43,3,42.54264,0,50
39,2,8.558565,0,50
45,40,29.84462,0,50
39,3,46.00004,0,50
36,39,33.49946,1,37.04146
39,28,33.06772,0,50
14,43,95.19372,0,50
45,41,65.63283,1,50
4,24,84.07399,0,50
8,7,52.17995,1,50
9,45,11.78987,0,50
40,43,64.4362,0,50
30,44,130.1397,0,50
45,21,66.5927,0,50
34,23,61.03642,0,50
38,29,37.48597,0,50
5,16,26.08331,0,50
30,14,59.69554,0,50
28,23,46.09197,1,50
2,39,7.850023,1,50
35,46,62.4509,0,50
5,26,96.61464,0,50
49,37,18.74612,1,50
48,11,43.48116,0,50
32,36,26.53767,0,50
34,6,81.23292,0,50
40,44,72.12703,0,50
46,10,10.82815,1,50
37,13,38.17947,1,50
11,16,12.21094,0,50
50,42,31.00863,0,50
29,9,42.14211,0,50
47,6,91.34661,0,50
31,6,78.02704,0,50
42,10,13.85654,0,50
44,30,114.6241,0,50
37,1,63.33603,1,50
49,13,45.62772,1,50
11,30,27.10018,1,50
35,9,38.58333,0,50
8,38,42.08258,0,50
40,3,72.58799,0,50
32,33,39.88767,0,50
18,14,12.30313,0,50
22,7,71.20615,0,50
32,27,65.51226,0,50
8,39,40.39275,0,50
38,26,68.15348,0,44.47451
6,22,90.88151,0,50
48,2,74.54876,1,50
22,11,10.84801,0,50
47,29,55.31493,0,50
33,8,20.71907,0,50
4,23,68.01485,0,50
44,15,65.516,0,50
15,30,62.28068,0,50
37,4,22.91449,0,50
37,35,20.85891,0,50
27,9,15.73881,0,50
47,23,46.41132,0,50
46,40,45.77817,0,50
46,13,94.05587,0,50
5,38,64.95192,0,50
48,6,56.67831,0,50
9,27,14.45044,0,50
4,47,77.69193,0,50
11,31,103.339,0,50
5,33,31.01299,0,50
9,24,48.96331,0,50
9,4,43.90938,0,50
37,11,75.80156,1,50
38,12,70.52548,0,50
41,17,11.09311,0,40.41934
4,46,68.74727,0,50
28,16,106.4857,0,50
1,39,29.84598,0,50
11,2,79.96598,0,50
40,36,32.26043,0,50
13,30,56.24008,0,50
5,41,16.9955,0,50
33,18,39.39873,0,50
5,13,21.20249,1,50
19,34,67.01231,0,50
22,4,72.26259,0,50
13,27,47.32098,0,50
48,36,47.38991,0,50
28,45,14.66396,0,50
9,14,50.22178,0,50
44,21,96.99502,0,50
9,16,81.63538,0,50
38,44,94.52609,0,50
21,27,73.78822,0,50
12,1,46.67414,1,50
2,20,20.88042,0,50
12,31,35.82976,0,50
11,49,63.85071,0,50
13,7,32.13888,0,50
19,27,63.07075,0,50
10,38,27.24359,0,50
38,5,71.17854,0,50
3,6,107.5019,0,50
42,6,83.66817,0,50
33,4,49.93277,0,50
48,34,25.00582,0,50
17,50,29.84028,0,50
1,23,50.88372,0,50
24,37,63.16932,1,41.00341
50,17,30.42442,0,50
33,21,49.758,0,50
43,40,71.42247,1,50
31,32,52.55847,1,50
7,31,62.00242,0,50
33,22,47.8213,1,50
43,26,44.5506,0,50
32,15,39.92019,0,22.88818
43,37,80.11835,0,50
43,4,98.91902,0,50
11,43,105.8851,0,50
8,28,80.11484,0,50
25,8,73.19033,0,50
49,12,35.14408,0,50
26,1,10.5787,0,50
31,34,87.89175,0,50
3,31,61.14167,0,23.78921
30,2,64.52832,0,39.04849
36,21,34.7818,1,50
30,27,72.72239,0,50
4,48,44.73361,0,50
38,46,32.27913,0,50
36,23,17.88501,0,50
26,45,24.59054,0,50
39,41,48.83387,0,50
18,36,46.09138,0,50
25,15,64.73104,1,50
22,36,36.40133,0,50
29,41,19.18768,0,50
44,28,31.06732,0,50
43,21,37.37556,1,50
42,45,17.77552,0,50
21,19,8.142881,1,50
23,18,55.54633,0,50
15,31,18.15856,1,50
43,1,34.37365,0,50
2,43,44.53182,0,50
15,50,25.67242,0,50
46,27,41.41637,0,50
32,49,43.28484,1,50
41,40,44.12055,0,50
1,35,74.71667,0,50
36,10,31.89642,0,50
31,12,36.23325,0,50
32,12,80.10714,0,50
1,12,43.92934,0,50
5,37,36.22823,1,50
13,34,34.1841,0,50
20,24,62.70669,1,50
44,25,66.06802,0,50
7,17,40.11426,0,50
39,4,58.2279,0,50
28,12,38.57855,0,50
39,17,49.19555,1,50
20,28,34.98891,0,50
25,42,58.73368,0,50
19,22,46.66404,0,50
2,29,34.67044,1,44.58873
17,47,79.4374,0,50
23,27,47.95007,0,50
50,3,35.39975,0,50
21,35,59.77154,0,50
49,30,43.70009,0,50
5,29,32.32505,0,50
27,22,78.7119,0,50
29,2,37.60495,0,50
33,31,39.98907,0,50
13,8,46.93689,0,50
7,13,27.18403,0,50
5,7,42.32123,0,50
4,45,54.66044,0,50
39,33,27.18985,0,50
18,19,78.20354,1,50
45,33,43.19046,0,50
28,21,68.39931,0,50
45,12,23.72009,0,50
14,38,76.09789,0,50
1,37,61.83406,0,50
34,35,32.49759,0,50
37,40,9.443858,1,50
4,37,19.87717,1,50
2,7,55.00009,0,50
50,11,59.56163,1,24.79009
7,9,44.97338,1,50
20,35,32.98302,0,50
10,7,69.77185,0,50
4,14,29.59602,0,50
14,33,32.72858,0,50
39,18,55.87958,1,50
15,46,14.26386,0,50
40,24,55.40818,0,50
44,34,128.674,0,43.5971
34,8,30.83341,0,50
34,18,50.72847,0,50
36,7,57.66208,0,50
2,37,31.52418,0,50
3,13,94.68064,0,50
18,33,40.0414,0,50
30,35,42.85675,1,50
20,23,44.44876,0,22.77979
22,31,80.00538,1,50
2,32,52.26324,0,50
31,35,59.30515,0,50
17,9,54.43773,0,50
39,19,45.68329,0,50
42,23,26.08076,0,42.95679
23,25,75.56118,1,50
47,42,24.20181,1,50
22,17,25.71193,0,50
41,49,30.63363,0,50
24,42,31.0699,0,50
42,8,51.49939,0,50
9,39,17.21002,0,50
13,48,7.709056,0,50
10,14,64.95323,0,50
37,21,68.11765,1,50
18,7,8.193787,0,50
2,30,62.01425,0,50
31,3,54.09341,0,50
17,45,61.61317,0,50
14,48,16.83519,0,50
48,13,7.234988,0,50
29,43,53.59728,0,50
41,42,56.70675,0,50
14,7,23.63506,1,50
40,15,39.03215,0,50
24,21,29.11125,0,33.52591
5,48,17.58907,0,50
40,12,19.34455,0,50
44,5,115.3168,0,50
23,36,20.04798,0,50
26,46,29.93358,0,50
7,16,69.50259,0,50
42,1,25.32113,0,50
41,23,40.50425,1,50
28,32,78.53965,0,28.39314
3,38,13.03209,0,50
42,37,41.29177,0,50
3,28,76.70782,0,50
46,15,12.42169,0,50
35,18,24.78747,1,50
50,2,27.92137,0,50
17,4,47.40465,0,50
36,50,7.164724,0,50
44,4,81.66591,0,50
28,4,71.14156,0,50
10,22,75.12513,1,50
26,8,81.56901,0,50
22,44,139.7944,0,50
11,41,29.84362,0,50
29,14,42.89089,0,50
33,5,32.3605,0,50
48,18,30.39372,0,50
44,50,92.43298,0,50
35,6,53.45105,0,50
11,40,71.90396,0,50
38,49,48.71334,0,50
19,3,10.16546,0,50
20,44,53.02281,1,50
47,43,31.52846,0,50
27,34,72.32073,0,50
13,23,67.24573,1,50
41,34,22.16937,0,50
43,8,62.80824,1,50
42,41,62.86532,0,50
31,2,13.50482,0,50
26,4,79.81619,0,50
34,36,43.58663,0,50
4,15,71.15207,0,50
39,35,45.85346,0,50
23,12,48.39237,0,50
37,49,21.16434,0,50
21,4,86.89819,0,50
22,13,45.97998,0,23.11045
48,25,67.23722,0,50
37,38,67.20538,0,50
2,35,41.56661,0,50
9,12,19.48709,0,50
23,1,50.29754,0,50
14,27,37.42155,0,50
36,4,57.09989,0,50
39,22,70.02323,1,50
18,40,24.0696,0,50
50,33,13.20602,1,39.16799
28,7,71.63157,0,50
38,1,55.60853,0,50
24,49,47.22817,0,50
2,14,52.38341,0,50
25,33,61.81815,0,50
24,27,63.56805,0,50
47,40,55.47229,0,50
38,6,116.4783,0,50
14,20,39.78756,0,50
43,50,54.23873,0,50
26,37,60.18636,0,50
32,43,42.11016,0,50
28,40,43.47739,0,50
40,1,50.4487,0,50
35,1,70.27128,0,50
8,11,34.51139,0,50
20,49,24.65132,1,50
41,20,56.10261,0,50
30,31,71.81267,0,50
35,34,35.53933,0,50
1,29,57.25025,0,50
11,38,71.00123,0,50
20,5,48.07973,0,50
26,5,95.39323,1,50
3,33,46.24772,0,50
35,40,21.16459,0,50
22,41,17.95013,0,40.47432
16,40,61.32498,0,50
16,2,78.6059,0,50
12,41,63.21925,0,50
45,37,38.06978,0,50
36,40,33.76852,0,33.11458
23,3,27.60273,1,50
37,20,18.06255,1,50
39,32,42.58322,0,50
9,17,54.40543,1,50
10,49,33.78715,0,50
11,9,90.50146,0,50
29,28,58.07225,0,50
48,23,72.65063,1,50
26,3,75.87006,0,50
39,48,71.54597,1,50
4,25,21.68788,0,50
10,50,30.26876,0,50
1,10,30.03848,0,50
16,31,87.77799,1,50
23,19,22.93255,0,27.75388
23,33,21.52765,0,50
31,43,38.99301,0,50
4,32,91.91004,0,50
33,27,29.32575,1,50
31,17,63.90697,0,50
11,23,70.172,0,50
38,34,73.0175,1,50
33,30,36.24522,0,50
46,35,62.46662,0,50
21,28,69.29664,0,50
17,19,54.55507,0,50
20,48,54.58868,0,50
27,23,47.2679,0,25.35705
4,5,45.34783,0,50
46,9,32.54904,0,50
45,34,78.56807,0,50
22,26,106.1271,1,50
45,3,63.63295,0,50
8,18,43.95274,0,50
41,22,17.72406,0,50
14,42,58.98731,0,50
30,47,85.19816,0,50
4,17,46.5377,0,50
5,6,68.92695,0,50
46,42,15.38405,1,50
49,29,22.49074,0,50
41,29,19.61365,0,50
19,42,52.69541,0,50
7,18,8.137486,1,50
18,13,24.58585,1,50
4,26,74.57779,0,30.37176
28,38,62.15477,0,50
32,19,1.006544,0,50
16,47,101.567,0,50
24,14,81.94571,0,22.56149
27,17,47.08543,1,50
30,8,20.39436,0,50
38,9,49.22665,0,50
5,47,80.2151,1,50
20,45,20.15139,1,50
24,13,96.57714,0,50
37,22,60.55196,0,24.44979
18,9,40.54949,0,50
38,40,62.71269,1,50
39,23,17.34791,0,50
10,46,9.847362,0,50
21,3,1.65191,1,50
34,49,44.07188,0,50
37,33,25.48752,0,50
6,11,100.1174,0,50
37,29,37.63439,0,50
3,5,62.08262,0,50
2,6,72.79797,0,50
14,15,61.27956,0,32.07755
21,37,76.56465,1,50
15,3,36.35806,0,50
9,32,55.59953,0,50
46,7,68.41198,0,50
50,41,24.64072,0,50
41,21,45.37114,0,50
41,44,115.028,0,50
35,17,12.23918,0,50
30,23,45.48446,0,50
47,46,18.24994,0,50
2,15,14.53721,0,50
24,46,19.43256,0,50
6,9,60.97861,0,50
49,16,58.64887,1,50
13,6,48.30182,0,50
50,21,34.61492,1,50
15,11,79.9976,0,50
19,29,27.74095,0,50
50,49,21.33556,0,50
30,20,71.87956,0,50
4,1,73.63394,0,50
38,20,56.39605,0,50
31,25,65.58206,0,50
19,8,31.3249,0,50
35,32,51.25065,0,50
25,41,79.20614,0,50
25,47,69.66162,0,50
10,18,69.98373,1,50
12,42,32.44518,0,50
50,43,45.45988,0,50
20,22,67.76074,1,50
3,15,35.31021,0,50
48,47,107.2011,0,50
40,5,37.80407,0,50
30,33,37.35635,0,50
7,35,32.95946,0,50
13,44,112.475,1,50
43,12,77.71446,0,50
4,42,55.76848,0,50
46,45,29.24004,0,50
14,40,29.54456,0,50
34,21,74.35023,0,50
37,26,64.33576,0,50
30,28,90.06633,0,50
15,34,68.84445,0,50
1,45,26.50303,1,50
22,12,86.68168,1,50
18,29,52.04128,0,50
9,46,28.0859,1,50
40,17,35.38014,0,50
10,36,36.18845,1,50
23,8,28.58973,0,50
22,24,85.29395,0,50
17,33,24.5635,0,50
23,42,24.39734,0,50
28,39,32.95284,0,50
38,15,28.22618,0,50
31,36,44.50179,0,50
48,43,108.1095,0,50
34,32,59.59876,0,50
24,43,11.52608,1,50
13,12,58.53383,1,50
21,49,56.28227,1,50
9,10,28.15708,1,50
41,4,63.32103,0,50
14,25,51.21063,0,50
3,46,44.12022,0,50
31,18,58.0209,0,50
23,46,29.64552,1,50
44,45,44.30366,0,50
27,11,76.98143,0,50
10,16,84.39192,0,50
17,20,52.00443,0,50
24,22,79.59964,0,50
5,46,70.95008,0,50
47,49,53.90707,0,50
23,10,17.26562,0,50
48,22,43.19036,0,50
18,21,88.3,0,50
44,14,106.4557,1,50
7,50,55.59213,0,50
11,35,48.75176,0,50
3,16,77.45144,0,33.41538
37,45,40.88695,0,50
7,12,32.82684,0,50
48,31,82.69417,1,50
8,48,42.06574,0,50
41,37,45.40029,0,50
28,10,38.77529,0,50
40,2,25.93048,0,50
11,17,34.84521,0,50
16,18,58.59306,0,50
30,12,83.55596,0,50
8,47,75.29162,0,50
14,8,42.12518,0,50
26,27,50.441,0,50
4,33,47.58657,0,36.93191
28,33,56.20532,0,50
5,12,56.98122,0,50
43,39,35.63962,1,44.16034
17,29,23.26807,0,50
