100,100
1,11.20632,120.2856,0,0,0
2,4.955231,103.241,67.22048,35.69132,65.27891
3,19.10573,108.8243,41.88037,57.37213,69.68668
4,13.0558,24.76235,25.24312,53.1276,98.01729
5,2.447451,81.90857,72.47281,99.41214,43.5437
6,14.49054,66.48077,20.29655,7.069544,36.14638
7,12.29267,196.7636,72.49572,95.08379,82.1797
8,19.15442,87.73611,70.59423,19.43005,12.05973
9,16.32831,105.0853,80.92769,79.53497,77.77854
10,2.334167,80.6739,83.08496,69.36888,96.92979
11,5.703173,78.02968,70.30514,96.22779,38.07296
12,12.54352,134.8413,52.97461,12.58872,17.0562
13,3.854941,82.88921,96.32962,46.81913,50.0694
14,0.2189639,133.4821,45.34758,70.94754,61.34247
15,2.461938,109.5324,37.67935,35.06701,0.2063718
16,12.86183,27.60719,21.32851,40.30581,30.88012
17,14.59869,24.32767,32.31384,18.48093,40.50807
18,6.388939,17.68467,11.10802,65.50664,71.51107
19,0.20604,73.21916,29.35944,36.80812,10.54244
20,4.850627,85.50743,39.03761,53.26206,66.0532
21,10.03333,23.59628,36.50004,24.74085,14.67592
22,8.263694,69.02102,39.00934,42.61857,41.24755
23,4.829396,190.3377,22.843,14.20598,42.83867
24,0.6642535,102.515,50.14511,4.548861,55.63169
25,6.829579,64.03698,29.93722,25.60583,14.73701
26,14.04528,185.9368,70.93109,61.25262,89.3032
27,16.08208,99.91464,94.0998,64.83165,80.47172
28,7.89667,5.38999,60.69522,65.73168,66.10966
29,18.1924,57.96954,92.17208,74.88172,4.990567
30,18.33354,100.4178,69.54469,12.35731,55.06371
31,15.68762,105.4066,58.77887,20.24165,43.69631
32,16.1465,194.8523,34.92902,87.13159,72.17316
33,17.9254,181.946,28.92438,59.85319,96.38199
34,1.656304,22.41712,18.27741,56.13709,18.94471
35,12.21862,12.14385,8.594012,28.76076,6.471382
36,13.06436,60.95464,40.04391,63.21174,5.918746
37,19.08605,94.8865,19.052,68.42223,81.12108
38,4.40753,157.4274,87.9161,51.49806,88.18097
39,2.881619,122.2183,90.66826,96.54194,64.42799
40,19.89212,76.14616,89.24784,33.89201,50.98439
41,9.254582,168.1496,83.77393,20.25591,78.9387
42,4.958023,194.5746,79.62941,27.04476,23.27473
43,12.85177,161.2526,53.5225,58.24775,9.484747
44,2.095167,42.86224,9.86027,78.99484,8.553511
45,13.88513,30.21163,58.69348,94.1266,11.60693
46,6.548194,147.9667,47.73223,5.675309,59.67247
47,4.610292,72.15424,28.22854,93.96137,8.951027
48,9.131119,197.6275,68.62537,11.84164,21.41843
49,2.138535,72.67319,67.3913,87.7138,87.16445
50,12.37527,133.6545,58.2736,39.54101,83.19472
51,9.952611,44.82542,91.73181,1.868532,41.17655
52,7.766679,102.4416,62.24306,3.018739,37.15719
53,19.11047,147.6419,89.01986,39.8307,48.59854
54,16.84891,176.979,43.34558,5.068747,34.28168
55,10.37467,130.8908,94.4244,25.72275,90.77419
56,12.06977,144.321,62.67576,62.08763,20.93118
57,9.843482,17.98327,54.08461,22.51278,56.39062
58,13.8462,119.6221,41.77716,48.11422,81.24047
59,17.83235,161.9794,77.54769,55.82974,94.37154
60,8.657434,170.5661,30.57351,40.90846,6.156219
61,2.903769,75.43324,17.67597,27.54221,62.25996
62,19.88565,48.49837,7.70371,76.71708,22.10156
63,14.29556,41.94252,20.56647,28.48127,27.16741
64,8.810168,3.442609,30.34509,52.27085,73.72685
65,10.14658,128.2063,6.88742,67.83064,55.02884
66,4.078693,51.86526,13.13614,68.18912,63.59046
67,10.09343,80.53443,2.85064,5.615976,29.73174
68,0.3276846,162.4506,78.80386,97.25263,57.84685
69,13.55153,198.0518,49.64138,47.08675,42.84405
70,12.00257,78.70429,98.14622,60.35006,27.41717
71,16.58112,33.43468,68.02648,40.39196,45.36573
72,6.142379,53.28321,10.12255,1.583077,54.53403
73,14.78348,50.01788,14.43457,30.28996,15.31363
74,5.890053,31.23921,88.38204,77.50175,93.84637
75,2.683549,60.97159,85.88419,8.9951,90.43719
76,8.439357,10.24865,13.99555,65.85396,16.49753
77,15.19996,14.95369,16.27209,42.36327,99.27535
78,5.122649,62.50838,22.27125,21.53018,79.13417
79,5.201386,45.52986,11.80705,41.44528,9.828851
80,3.35428,138.0087,17.04774,95.94133,48.53916
81,10.37805,144.1737,87.88083,27.66638,47.03859
82,12.49694,55.20109,74.77873,52.45573,2.154174
83,10.5911,146.6113,58.01704,91.7728,37.5724
84,4.330352,66.14853,82.44597,82.07225,28.14943
85,10.276,91.8242,15.1296,44.29018,2.315051
86,3.052012,55.38529,0.1808852,51.6466,66.50743
87,13.74977,162.1888,65.27665,94.19949,18.30255
88,7.037709,109.2748,45.32968,22.27111,18.70791
89,12.39898,15.21945,69.1894,19.15892,89.53368
90,12.41786,66.07766,70.77248,36.96642,96.73135
91,11.89308,91.39306,48.96975,41.74113,50.37869
92,16.17091,71.32633,13.86637,69.17402,87.89413
93,7.461819,41.33613,27.96819,41.70542,7.492256
94,0.6729932,163.1057,63.79369,38.95381,17.88328
95,10.96417,194.5469,81.54303,28.05025,85.31215
96,18.2788,66.9794,64.96501,1.430931,99.55567
97,3.26364,153.1649,27.07581,37.78247,41.30411
98,7.200242,145.2257,14.35092,96.65028,0.6443488
99,5.71718,122.0483,89.98107,13.5924,23.92558
100,12.32715,65.02848,82.46458,99.29297,34.45702
37,100,30.73016,0,100
67,82,27.24364,0,100
75,13,22.25689,0,100
68,42,33.95247,0,100
68,67,82.79265,0,100
65,97,26.00434,0,100
69,78,142.3583,0,100
96,50,67.10556,0,100
26,68,29.61031,0,100
21,76,13.77765,0,100
79,52,58.15657,0,100
36,84,10.91561,0,100
54,84,114.2276,0,100
36,35,51.0684,0,100
80,91,51.57334,0,100
16,38,135.6802,0,100
42,74,178.0674,0,100
57,55,116.7354,0,100
80,78,82.71717,0,100
66,54,133.4914,0,100
40,97,85.30661,0,100
81,78,88.85908,0,100
36,53,90.852,0,100
2,68,63.61601,0,100
16,97,133.7977,0,100
84,72,13.55924,0,100
30,46,53.48055,0,100
74,16,8.492398,0,100
59,37,70.6391,0,100
70,1,44.86273,0,100
47,58,51.78914,0,100
83,2,44.96175,0,100
1,48,85.07898,0,100
89,49,63.25475,0,100
51,59,128.917,0,100
83,73,103.9698,0,100
26,87,24.88485,0,100
55,91,42.76538,0,100
87,89,158.0908,0,100
37,42,103.8035,0,100
25,20,22.94851,0,100
93,95,159.8872,0,100
50,6,67.43679,0,100
3,63,72.255,0,100
60,68,12.73563,0,100
88,11,31.94462,0,100
40,34,62.13447,0,100
23,49,125.8752,0,100
65,46,21.44138,0,100
88,93,70.05739,0,100
45,19,46.35881,0,100
73,31,59.47789,0,100
70,33,112.7058,0,100
67,21,59.57891,0,100
2,44,60.66589,0,100
23,50,59.12425,0,100
54,70,106.2166,0,100
7,75,147.6892,0,100
62,69,164.5488,0,100
5,44,40.77404,0,100
83,43,14.97204,0,100
8,2,23.02684,0,100
69,88,89.76964,0,100
11,29,24.43524,0,100
39,68,42.20387,0,100
77,30,89.93944,0,100
30,35,90.35141,0,100
28,27,98.75233,0,100
44,80,100.6475,0,100
72,3,58.376,0,100
7,86,153.8318,0,100
22,40,13.70787,0,100
67,85,11.57902,0,100
39,17,103.209,0,100
12,91,47.27665,0,100
91,98,54.68166,0,100
56,22,80.24903,0,100
95,90,130.3138,0,100
55,99,10.90402,0,100
86,28,55.0961,0,100
94,23,27.86871,0,100
50,64,131.1671,0,100
15,94,58.58812,0,100
54,52,77.21401,0,100
74,4,10.02626,0,100
28,62,46.12306,0,100
31,18,94.45525,0,100
58,35,108.0964,0,100
67,10,7.993983,0,100
82,61,24.53805,0,100
24,72,51.40125,0,100
57,32,180.7898,0,100
15,14,25.14972,0,100
19,87,93.9266,0,100
7,92,134.7155,0,100
86,41,115.7248,0,100
42,25,136.2122,0,100
41,9,65.07944,0,100
81,71,112.824,0,100
54,27,81.22731,0,100
2,1,18.48062,0,100
33,70,108.6353,0,100
14,92,65.04587,0,100
62,20,40.20925,0,100
14,100,75.27491,0,100
62,12,91.57575,0,100
54,63,147.3165,0,100
58,23,71.75223,0,100
3,21,88.52332,0,100
46,30,49.76896,0,100
13,29,28.95198,0,100
5,97,77.07459,0,100
77,33,182.7716,0,47.22371
97,10,79.08276,0,100
75,66,9.935781,0,100
15,69,97.74814,0,100
98,3,38.6737,0,100
18,13,67.45384,0,100
37,84,32.54114,0,100
69,31,93.04335,0,100
99,68,41.52452,0,100
49,41,100.1957,0,100
44,19,32.92276,0,100
4,71,9.889986,0,100
60,70,100.3356,0,100
100,80,73.97966,0,100
80,93,106.399,0,100
30,48,106.7246,0,100
14,24,32.73535,0,100
33,10,106.6429,0,100
2,32,92.90015,0,100
24,93,66.45717,0,100
74,35,21.49985,0,100
56,43,18.53015,0,100
37,38,67.07698,0,100
11,13,5.459901,0,100
19,75,12.56767,0,100
3,27,9.644992,0,100
26,1,71.16368,0,100
43,18,154.6333,0,100
38,67,77.91229,0,100
86,53,102.6539,0,100
9,24,16.72025,0,100
45,65,99.67577,0,100
33,94,27.5421,0,100
56,47,79.02615,0,100
71,13,53.55583,0,100
71,44,17.91734,0,100
40,22,14.72544,0,100
60,2,68.50125,0,100
32,83,50.99348,0,100
19,78,11.87539,0,100
77,85,82.98253,0,100
68,12,32.36142,0,100
43,83,14.85415,0,100
77,49,60.82408,0,100
11,5,5.460875,0,100
67,12,58.05264,0,100
53,99,31.05212,0,100
39,5,42.47848,0,100
53,93,112.4775,0,100
60,30,70.91705,0,100
33,52,83.96091,0,100
38,21,137.1045,0,100
22,26,121.3979,0,100
42,43,35.71058,0,100
18,35,8.273549,0,100
2,88,7.007778,0,100
11,80,63.95339,0,100
13,66,33.52811,0,100
74,82,26.09527,0,100
24,22,37.27746,0,100
43,84,100.237,0,100
27,40,26.07826,0,100
82,76,46.48205,0,100
49,48,127.912,0,100
16,33,156.085,0,100
86,14,84.84572,0,100
81,47,73.84312,0,100
72,38,109.8749,0,100
71,54,150.669,0,100
96,97,94.70686,0,100
46,66,96.26439,0,100
11,60,101.285,0,100
36,11,19.46235,0,100
64,59,159.9821,0,100
95,34,177.5922,0,100
88,72,56.59927,0,100
92,21,51.23287,0,100
46,69,52.13303,0,100
81,8,58.06273,0,100
68,18,158.7945,0,100
10,48,118.8529,0,100
61,16,51.31562,0,100
21,47,50.93693,0,100
23,36,141.6624,0,100
86,76,48.37744,0,100
72,33,135.3644,0,100
11,3,36.7562,0,100
46,8,65.09304,0,100
16,70,53.0793,0,100
34,63,24.1892,0,100
11,45,50.69034,0,100
19,46,77.7934,0,100
68,26,28.4673,0,100
93,57,24.54831,0,100
99,95,74.66901,0,100
30,84,39.76777,0,100
41,79,130.7454,0,100
66,9,54.73822,0,100
61,20,10.92436,0,100
98,54,35.59174,0,100
82,4,30.49838,0,100
90,61,14.20572,0,100
83,79,104.2374,0,100
1,47,51.45622,0,100
68,98,19.34483,0,100
42,89,196.3786,0,100
100,58,56.61345,0,100
17,77,10.18616,0,100
65,3,21.64039,0,100
30,4,78.23283,0,100
58,17,104.6777,0,100
48,65,76.00588,0,100
65,13,45.9149,0,100
25,73,16.46037,0,100
7,93,163.6865,0,100
47,57,56.39999,0,100
5,95,115.9814,0,100
85,11,14.68662,0,100
90,33,122.8312,0,100
92,69,134.7291,0,100
18,16,12.42042,0,100
13,19,10.61085,0,68.46434
5,19,9.107298,0,100
39,78,60.49711,0,100
20,53,65.55046,0,100
50,8,50.9922,0,100
94,4,150.3933,0,100
65,87,36.14588,0,100
80,17,119.0855,0,100
89,29,45.62953,0,100
77,28,12.72564,0,100
17,15,88.38125,0,100
77,22,57.54968,0,100
69,15,94.87325,0,100
64,6,64.7914,0,100
71,83,114.7472,0,100
95,72,154.3546,0,100
34,19,55.33835,0,100
48,3,95.72856,0,100
7,37,111.0453,0,100
60,48,29.13069,0,100
63,34,24.41755,0,100
68,83,20.02331,0,100
52,65,26.98328,0,100
8,44,49.1431,0,100
67,83,68.58917,0,100
13,50,52.26109,0,100
66,50,82.73639,0,100
86,59,113.7673,0,100
83,62,104.0729,0,100
29,26,130.1222,0,100
86,75,5.633314,0,100
84,5,16.85679,0,100
92,19,17.43322,0,100
38,26,30.59996,0,100
18,74,14.57203,0,100
22,23,126.882,0,100
91,54,92.31765,0,100
61,58,47.93965,0,100
67,30,22.15949,0,100
33,65,55.88912,0,100
27,98,49.49742,0,100
51,82,10.84402,0,100
85,69,115.0642,0,100
33,64,185.6653,0,100
1,73,72.62119,0,100
60,82,124.1684,0,100
97,25,92.15077,0,100
93,1,85.68073,0,100
15,35,103.8806,0,100
92,97,88.82327,0,100
49,67,12.13642,0,87.86418
60,66,130.0702,0,100
18,90,51.08094,0,100
1,81,26.22419,0,100
3,8,22.49379,0,100
86,52,48.157,0,100
52,66,51.16596,1,100
10,12,59.7663,0,100
74,76,22.77935,0,100
3,4,84.39994,0,100
79,97,116.0204,0,100
1,31,16.39943,0,100
40,82,24.16109,0,100
42,8,110.134,0,100
43,65,36.27925,0,100
7,17,180.847,0,100
82,75,11.46809,0,100
13,5,1.794725,0,100
16,34,12.95682,0,100
2,37,17.25334,0,100
13,52,21.49521,0,100
94,62,123.1943,0,100
79,35,34.38758,0,100
36,93,21.6451,0,100
20,10,5.52928,0,100
80,26,50.51341,0,100
74,42,171.8967,0,100
38,60,14.40394,0,100
72,23,137.5372,0,100
29,59,112.3988,0,100
53,41,24.71621,0,100
7,4,178.5638,0,100
18,67,68.17625,0,81.54195
48,90,137.982,0,100
82,11,25.18646,0,100
44,43,128.5482,0,100
30,11,25.95368,0,100
17,68,142.5088,0,100
26,49,118.0965,0,100
55,94,36.31875,0,100
68,23,28.2725,0,100
24,97,51.10188,0,100
91,10,14.95798,0,100
78,4,41.77701,0,100
44,39,82.42721,0,100
70,13,9.174895,0,100
14,45,114.1328,0,100
15,84,44.60256,0,100
15,2,6.783135,0,100
47,25,9.20773,0,100
54,99,59.4197,0,100
54,90,119.377,0,100
39,34,109.3038,0,100
15,47,38.92117,0,100
2,72,53.80313,0,100
59,29,106.2432,0,100
50,20,53.46791,0,100
15,24,7.612067,0,100
46,96,88.2111,0,100
11,95,127.925,0,100
66,83,95.91267,0,100
85,29,36.21459,0,100
43,62,122.9746,0,100
35,52,99.04638,0,100
45,70,50.37353,0,100
53,2,49.49778,0,100
48,73,156.1544,0,100
98,36,92.36126,0,100
41,60,2.610851,0,100
69,1,82.05162,0,100
3,61,38.05429,0,100
10,24,23.67271,0,100
32,9,91.45408,0,100
91,68,73.44211,0,100
7,28,191.7958,0,100
95,30,98.83546,0,100
79,92,30.53478,0,100
92,55,64.07654,0,100
6,42,132.0795,0,100
9,51,60.75173,0,100
51,75,17.83596,0,100
84,91,28.91786,0,100
55,37,38.23335,0,100
38,16,136.2859,0,76.07893
59,57,154.975,0,100
59,36,110.6347,0,100
6,50,68.9488,0,100
78,23,128.8017,0,100
66,75,10.10746,0,100
97,62,115.2401,0,100
46,82,95.24876,0,100
49,70,11.93108,0,100
46,21,131.9859,0,100
86,24,49.14278,0,100
98,40,75.38673,0,100
12,1,14.79812,0,100
71,79,17.19171,0,100
58,46,31.1595,0,100
86,38,111.5791,0,100
84,45,37.9387,0,100
4,21,3.416696,0,100
88,87,57.29891,0,100
75,52,45.21449,0,100
32,7,4.519836,0,100
95,78,139.3307,0,100
33,29,131.0092,0,100
5,21,61.9154,0,100
42,49,125.3762,0,100
6,21,45.94017,0,100
32,73,146.2488,0,100
82,98,98.6739,0,100
60,32,26.79633,0,100
79,38,121.7121,0,100
76,41,172.3278,0,100
31,2,11.96746,0,100
57,45,13.25376,0,100
37,31,11.40284,0,100
19,67,13.4855,0,100
67,29,24.28351,0,100
86,56,93.37069,0,100
14,76,132.1848,0,100
15,83,38.5806,0,100
20,32,114.0896,0,100
41,98,25.17914,0,100
52,24,7.62416,0,100
19,34,54.96308,0,100
51,11,34.27352,0,100
26,8,100.3764,0,100
74,32,166.0641,0,100
2,4,85.09476,0,100
5,28,79.39055,0,100
54,79,132.0038,0,100
94,6,103.8166,0,100
40,10,18.24198,0,100
28,18,12.80338,0,100
32,99,79.06844,0,100
50,75,76.45792,0,84.57071
79,2,62.7007,0,100
61,66,24.96145,0,43.13831
9,89,96.53133,0,100
64,4,21.87444,0,100
82,7,149.982,0,100
95,85,109.1733,0,100
6,97,89.64539,0,100
27,59,66.52056,0,100
27,79,57.46427,0,100
27,71,67.30896,0,100
54,26,9.872673,0,100
24,45,77.25538,0,100
14,8,53.63804,0,100
12,37,40.81553,0,100
23,7,10.468,0,100
17,16,3.846069,0,100
84,69,132.657,0,100
24,78,43.34684,0,100
25,5,20.02067,0,100
53,39,31.42167,0,100
32,36,137.5572,0,100
42,6,135.6927,0,100
4,33,169.6314,0,100
51,27,55.93422,0,100
49,1,49.11481,0,60.58112
72,85,40.6492,0,100
74,47,41.42098,0,100
64,15,108.6293,0,100
66,13,32.05504,0,40.08671
53,10,70.35378,0,100
80,63,99.42309,0,100
70,61,10.44351,0,100
60,54,10.59448,0,100
1,4,101.5379,0,100
36,94,108.7649,0,100
57,31,89.69786,0,100
25,8,28.48112,0,100
73,16,24.59247,0,100
17,10,59.20748,0,100
31,26,82.19003,0,100
1,10,42.77361,0,100
96,44,30.3423,0,100
85,41,77.20687,0,100
37,61,27.75452,0,100
31,53,44.5985,0,100
84,15,46.46102,0,100
84,95,130.622,0,100
44,70,38.11271,0,100
28,95,206.3854,0,100
35,56,133.1779,0,100
63,12,100.8529,0,100
15,87,54.25704,0,100
98,96,86.31091,0,100
76,60,164.4615,0,100
52,15,9.088231,0,100
93,96,29.95436,0,100
37,71,62.32631,0,100
65,55,2.758909,0,100
84,28,65.55499,0,100
47,24,32.44915,0,100
57,89,3.779412,0,100
91,67,11.71686,0,100
100,43,101.4466,0,100
54,53,30.4951,0,100
36,91,32.32686,0,100
53,29,92.02499,0,77.52407
57,61,58.29958,0,100
29,13,30.13389,0,100
86,67,28.56584,0,100
55,51,86.87711,0,100
25,38,97.42229,0,100
72,5,30.69618,0,100
94,32,37.41816,0,100
4,51,20.74285,0,100
70,55,55.96297,0,100
43,100,101.5947,0,100
22,62,24.07041,0,100
38,35,154.2212,0,100
82,56,91.68902,0,100
84,48,133.0516,0,100
89,34,13.41994,0,100
32,35,184.5998,0,100
51,5,39.88059,0,100
82,31,52.68117,0,100
22,41,102.3811,0,100
100,44,25.48185,0,100
32,71,169.3155,0,100
67,32,123.2135,0,100
62,17,26.68684,0,100
44,84,25.12703,0,100
25,51,20.54672,0,100
35,29,48.1662,0,100
32,31,90.53559,0,100
47,94,96.12482,0,100
72,96,20.0895,0,100
7,29,148.2087,0,100
76,55,124.3639,0,100
51,8,46.04469,0,100
47,69,127.0185,0,100
14,70,61.19154,0,100
44,5,41.69005,0,100
27,53,51.0295,0,100
66,24,53.88085,0,100
33,14,56.71013,0,100
94,52,66.61385,0,100
65,33,54.84717,0,100
83,96,80.80179,0,100
22,35,62.31837,0,100
22,87,96.53342,0,100
20,3,27.84196,0,100
90,44,27.33807,0,100
54,87,15.27971,0,100
68,94,0.7663009,0,100
16,75,36.90577,0,100
83,82,97.38572,0,100
23,80,57.10341,0,100
56,94,23.41634,0,100
85,9,15.20766,0,100
93,55,90.87786,0,100
97,95,45.27348,0,100
39,13,43.23884,0,100
69,16,184.2718,0,100
54,91,93.53659,0,100
15,8,30.02338,0,100
39,86,67.33676,0,100
6,83,85.60805,0,100
59,51,123.2048,0,100
70,5,10.52017,0,100
47,27,31.65278,0,100
4,89,9.989735,0,100
19,79,29.52991,0,100
82,54,122.5525,0,100
35,88,106.701,0,100
96,79,27.20721,0,100
91,93,53.55994,0,100
35,54,174.5566,0,100
92,31,36.09286,0,100
8,68,79.50725,0,100
45,4,6.001597,0,100
4,97,134.9231,0,100
40,90,12.82071,0,100
46,57,131.0671,0,100
95,28,197.3567,0,100
19,4,53.0676,0,100
58,59,43.59919,0,100
41,42,27.9953,0,100
2,13,20.56354,0,100
83,11,75.43836,0,100
70,17,59.76479,0,100
2,61,28.09913,0,100
30,91,11.64459,0,100
23,33,16.76008,0,100
81,41,25.78787,0,100
12,26,51.71245,0,100
85,7,110.5171,0,100
20,47,14.54777,0,100
78,53,86.79438,0,100
95,9,91.77085,0,42.17968
11,66,28.02998,0,100
82,42,144.5805,0,100
78,89,51.32176,0,100
91,40,17.33608,0,100
56,39,23.98313,0,100
52,3,14.24321,0,100
32,16,170.358,0,100
43,68,12.84511,0,100
74,57,14.73407,0,100
39,83,26.42081,0,100
78,36,8.550549,0,100
41,31,65.45494,0,100
14,94,31.35058,0,100
71,91,61.31647,0,100
33,58,65.51047,0,100
77,19,65.18605,0,100
27,97,55.88505,0,100
60,89,163.8541,0,100
77,98,133.7476,0,100
24,57,88.50136,0,100
98,62,100.2386,0,100
96,58,53.10074,0,100
5,40,19.49218,0,100
43,19,96.82267,0,100
7,73,148.316,0,100
49,72,19.87313,0,100
25,100,5.926351,0,100
76,50,129.6382,0,100
76,94,163.9613,0,100
83,6,85.87588,0,100
54,24,81.3024,0,100
13,58,38.97189,0,100
57,18,3.585011,0,100
26,70,113.0041,0,100
84,81,82.60063,0,100
69,65,76.6306,0,100
77,45,15.39283,0,100
80,92,73.40668,0,100
32,80,64.05017,0,100
54,89,172.0901,0,100
60,96,105.04,0,100
2,100,39.75496,0,100
59,9,57.90341,0,100
11,48,126.7482,0,100
1,92,50.15336,0,100
14,61,60.40114,0,100
30,82,48.03798,0,100
80,73,93.96416,0,100
41,13,86.46991,0,100
12,74,110.6932,0,100
36,46,92.49351,0,100
22,31,37.19129,0,100
1,76,120.7887,0,100
32,46,52.02766,0,100
73,88,60.13909,0,100
55,88,23.47388,0,100
39,54,61.12591,0,100
84,29,17.38284,0,100
77,61,64.15474,0,69.16295
73,10,35.00091,0,100
68,33,26.6177,0,100
32,41,27.85403,0,100
53,55,20.5763,0,100
12,79,90.80421,0,100
90,7,134.176,0,100
35,15,106.2484,0,100
17,82,33.63614,0,100
55,43,31.39239,0,100
47,23,118.6719,0,100
17,79,24.63504,0,100
26,50,53.69384,0,100
56,16,127.0025,0,100
99,41,46.88117,0,100
81,15,38.93682,0,100
84,14,73.43207,0,100
67,1,43.28089,0,100
33,67,106.9539,0,57.45629
58,1,2.89271,0,100
99,74,91.09363,0,100
11,26,108.4193,0,100
91,66,43.50914,0,100
27,96,34.20285,0,100
79,33,145.2779,0,100
27,33,83.50131,0,100
4,16,3.107455,0,100
25,56,85.29713,0,100
72,26,135.5333,0,100
83,58,27.76444,0,100
96,3,44.48995,0,100
5,75,22.90512,0,100
24,18,87.73363,0,100
63,73,8.190599,0,100
62,21,28.13536,0,100
43,35,155.0215,0,100
19,39,51.43014,0,100
21,57,5.881009,0,100
85,35,84.52394,0,100
15,1,15.18977,0,100
80,67,58.22536,0,100
17,8,66.21275,0,100
12,32,60.57759,0,100
92,78,15.2849,0,100
83,54,31.4091,0,100
12,58,16.06464,0,100
54,42,21.76084,0,100
23,37,97.22448,0,100
97,23,38.50871,0,100
75,89,51.03581,0,100
27,60,76.92185,0,100
57,4,8.008673,0,100
44,46,114.4969,0,100
84,10,14.96012,0,100
70,80,62.06996,0,100
69,35,199.9298,0,100
45,89,15.85683,0,100
70,51,37.33129,0,100
66,99,72.92177,0,100
20,49,13.64832,0,100
65,43,35.17261,0,100
97,90,88.99364,0,100
44,97,112.3457,0,100
24,23,91.12561,0,100
90,59,102.6709,0,100
50,78,74.50041,0,100
9,21,85.45879,0,100
47,62,28.4362,0,100
94,14,31.08872,0,100
42,87,36.48217,0,100
17,66,32.26771,0,100
53,75,94.80514,0,100
65,99,8.342125,0,100
95,75,143.4196,0,100
10,61,5.485268,0,100
25,37,33.24056,0,100
46,75,87.31464,0,100
22,46,82.79225,0,100
68,66,116.7294,0,100
100,68,100.7575,0,100
16,50,106.0589,0,100
87,50,29.457,0,100
53,57,136.25,0,100
70,74,48.61906,0,100
52,43,62.43692,0,100
47,53,82.7871,0,100
55,77,118.8408,0,100
36,42,136.3802,0,100
65,6,63.78919,0,100
98,69,58.28298,0,100
54,98,36.40439,0,100
39,79,83.96497,0,100
8,47,22.60499,0,100
13,75,23.3015,0,100
36,65,73.84544,0,100
60,55,41.86714,0,100
42,20,119.5171,0,100
97,41,16.46285,0,100
7,49,136.3471,0,100
86,4,32.38466,0,100
9,73,60.56248,0,100
21,51,21.66905,0,100
38,14,24.71362,0,100
6,82,12.58813,0,100
70,91,13.89632,0,100
21,3,89.86327,0,100
53,26,41.02326,0,100
67,49,12.14748,0,100
96,84,14.40933,0,100
57,2,90.28523,0,100
96,31,42.27417,0,100
11,10,4.575407,0,100
50,12,1.219351,0,100
91,99,32.05737,0,100
99,52,21.63811,0,100
77,80,129.6345,0,100
44,38,118.7614,0,100
42,99,74.11746,0,100
3,36,50.94325,0,100
89,30,89.08238,0,100
23,66,147.1929,0,100
9,92,36.39176,0,100
70,96,13.57657,0,100
8,16,63.29604,0,100
82,18,39.60464,0,100
42,98,53.41721,0,100
100,83,82.58436,0,100
82,62,9.97684,0,100
43,87,1.336556,0,100
49,82,21.16978,0,100
52,40,30.47976,0,100
7,65,68.72652,0,100
94,78,110.1968,0,100
19,22,9.242859,0,100
73,39,78.2019,0,100
89,20,74.98596,0,100
4,15,89.84387,0,100
17,50,119.2598,0,100
82,10,27.62354,0,100
18,100,48.6401,0,100
46,64,153.269,0,100
43,74,136.9339,0,100
43,59,5.527124,0,100
99,77,111.7658,0,100
62,84,24.65385,0,100
96,28,65.44689,0,100
93,68,129.9003,0,100
6,20,22.57095,0,100
57,71,18.52592,0,100
27,11,25.68226,0,100
85,28,90.24879,0,100
1,54,60.37192,0,100
13,99,39.76751,0,100
68,73,113.5436,0,100
97,92,83.28686,0,100
50,22,69.74488,0,100
31,20,24.85487,0,100
14,29,82.42761,0,100
84,61,9.691601,0,100
99,94,45.3083,0,100
39,82,72.81488,0,100
4,90,42.0661,0,100
32,1,75.29622,0,100
6,81,78.78638,0,100
42,54,23.21107,0,100
54,8,95.02461,0,100
94,74,140.1461,0,100
32,3,93.81733,0,100
71,30,72.09145,0,100
96,24,43.13607,0,100
60,6,112.4184,0,100
14,5,53.37571,0,100
100,82,10.08892,0,100
18,57,3.74949,0,100
91,8,8.510632,0,100
96,59,99.28997,0,100
33,45,152.2717,0,100
55,82,82.76316,0,100
25,21,43.48422,0,100
33,97,34.58549,0,100
38,44,114.6104,0,100
2,86,48.77034,0,100
4,57,7.962565,0,100
59,85,72.63534,0,100
44,9,69.15033,0,100
59,55,34.88916,0,100
81,59,20.6196,0,100
80,85,48.7224,0,100
27,38,59.55889,0,100
52,7,98.63347,0,100
87,2,62.2206,0,100
67,77,66.82534,0,100
28,55,134.0661,0,100
62,55,84.16691,0,100
82,68,114.9013,0,100
56,69,54.68802,0,100
1,11,46.14039,0,100
15,98,37.20822,0,100
55,93,97.67997,0,100
77,66,38.93426,0,100
14,88,27.58094,0,100
38,98,12.64247,0,100
17,2,83.01547,0,100
40,94,97.37904,0,100
4,88,92.99821,0,100
72,91,40.44213,0,100
67,45,52.38044,0,100
34,91,76.62056,0,100
37,85,9.493629,0,100
65,84,66.34573,0,100
33,92,117.4925,0,100
26,37,96.98971,0,100
24,1,21.43859,0,100
59,10,83.50509,0,100
2,52,3.034406,0,100
10,92,18.05588,0,100
38,84,95.01154,0,100
25,42,134.1622,0,100
87,27,62.49131,1,100
7,53,52.3015,0,100
45,7,173.0098,0,100
6,10,19.97242,0,100
75,79,17.02132,0,100
40,85,18.73652,0,100
96,69,143.5012,0,100
99,10,41.78311,0,100
31,41,63.26059,0,100
2,48,95.20371,0,100
84,60,106.5207,0,100
18,70,65.96032,0,100
6,38,92.47972,0,100
34,98,124.7502,0,100
25,84,3.31293,0,100
15,31,14.28273,0,100
24,68,61.3058,0,100
15,9,15.92402,0,100
58,2,20.4971,0,100
69,52,100.4923,0,100
82,77,41.66829,0,100
100,87,102.5063,0,100
42,11,120.7788,0,100
87,96,97.77047,0,100
80,42,58.97437,0,100
80,6,79.33642,0,100
10,100,18.92637,0,100
91,37,8.512913,0,100
70,63,40.32802,0,100
40,89,62.25151,0,100
52,42,97.3621,0,100
15,18,99.25855,0,100
38,68,7.089151,0,100
45,92,41.92839,0,100
38,82,106.8271,0,100
97,52,53.02944,0,100
68,80,26.68412,0,100
65,78,67.75877,0,100
80,22,72.8198,0,100
49,57,59.41631,0,100
18,24,88.36515,0,100
91,29,34.29566,0,100
74,29,30.33265,0,100
58,95,80.16147,0,100
77,48,184.0753,0,100
14,22,70.03518,0,100
10,11,4.459319,0,100
15,45,83.11896,0,100
68,35,158.9242,0,100
51,95,152.6562,0,100
72,93,13.11624,0,100
79,47,28.8967,0,100
49,4,53.20026,0,100
78,62,20.94023,0,100
40,35,70.20027,0,100
60,26,16.40965,0,100
63,98,113.2092,0,100
81,29,93.03112,0,100
71,27,68.8512,0,100
96,46,85.26085,0,100
22,3,43.3566,0,100
1,74,92.67295,0,100
74,25,33.68762,0,100
13,40,18.41506,0,100
62,75,22.41323,0,100
91,94,75.36676,0,100
99,12,14.97612,0,100
84,98,84.98222,0,100
3,14,33.55074,0,100
90,57,51.82412,0,100
80,10,59.88879,0,100
62,89,35.29631,0,100
10,28,77.29883,0,100
91,87,71.94395,0,100
29,27,42.68925,0,100
83,86,98.04791,0,100
19,65,60.3861,0,100
21,41,156.0257,0,100
21,96,48.42841,0,100
97,98,9.230995,0,100
93,85,52.96613,0,100
99,61,50.77809,0,100
58,93,83.3982,0,100
10,31,30.43292,0,100
82,5,28.95015,0,100
84,99,60.61964,0,100
79,73,10.66,0,100
26,54,9.571786,0,100
53,40,74.21582,0,100
88,84,43.26707,0,100
27,34,86.30629,0,100
73,67,32.95906,0,100
7,67,127.1724,0,100
30,45,70.63658,0,100
83,63,114.5741,0,100
66,23,146.946,0,100
34,65,106.8034,0,100
73,54,135.2343,0,100
59,6,104.9707,0,100
90,17,45.00768,0,100
27,28,100.439,0,100
44,18,27.13579,0,100
99,8,38.89426,0,100
21,72,31.33109,0,100
74,18,14.48274,0,100
63,91,50.50229,0,100
82,6,12.16165,0,100
54,41,12.60004,0,100
76,29,51.45732,0,100
92,8,17.50898,0,100
83,26,42.05185,0,100
64,90,66.58465,0,100
28,40,74.75885,0,100
29,33,131.4129,0,100
52,84,39.23237,0,100
39,21,100.5325,0,100
1,28,120.7772,0,100
93,46,111.1933,0,55.4011
45,14,111.9813,0,100
4,95,181.8392,0,100
14,11,58.17799,0,100
6,1,58.27828,0,100
77,63,29.07721,0,100
23,69,12.77329,0,71.24871
11,27,24.24033,0,100
93,62,15.66854,0,100
40,91,17.90254,0,100
5,67,8.123397,0,100
89,64,12.50189,0,100
46,39,27.8033,0,100
87,18,153.1407,0,100
91,95,112.4012,0,100
25,86,10.37647,0,100
36,7,139.1062,0,100
60,39,49.52043,0,100
7,18,191.3453,0,100
69,96,139.4369,0,100
10,68,89.38265,0,100
62,100,19.74206,0,100
38,49,90.33317,0,100
18,30,89.4145,0,62.31162
50,74,105.1697,0,100
29,17,34.56424,0,100
23,28,201.3312,0,100
54,28,175.9044,0,100
53,62,103.1291,0,100
19,36,17.97556,0,100
33,77,178.1907,0,100
81,61,70.5064,0,100
88,62,65.58001,0,100
59,80,30.24152,0,100
30,25,41.35609,0,100
73,76,43.41867,0,100
93,64,38.36743,0,100
46,3,41.15283,0,100
96,100,6.354114,0,100
38,42,39.8242,0,100
5,99,43.35754,0,100
95,40,124.0797,0,100
1,46,28.98556,0,100
2,41,68.47394,0,100
8,88,26.94376,0,100
87,74,131.3719,0,100
52,22,35.205,0,100
85,37,9.609051,0,100
62,65,84.21943,0,100
42,27,96.26612,0,100
77,58,111.8228,0,100
70,83,72.92436,0,100
90,18,52.85572,0,100
97,17,141.9,0,100
35,73,38.68309,0,100
14,40,60.94565,0,100
63,72,15.03675,0,100
63,22,30.15918,0,100
21,90,43.4523,0,100
53,100,88.03791,0,100
22,34,47.88832,0,100
84,9,41.27011,0,100
24,37,20.90156,0,100
73,64,47.64744,0,100
53,9,44.95373,0,100
78,29,14.58435,0,100
66,17,31.09169,0,100
46,71,120.4308,0,100
8,93,48.75454,0,100
66,29,16.11093,0,100
94,31,61.21699,0,100
55,44,94.89929,0,100
71,17,10.06245,0,100
72,63,15.08948,0,100
12,4,113.7302,0,100
94,50,33.58542,0,100
93,41,138.9422,0,100
32,8,117.0408,0,100
38,74,138.6307,0,100
41,81,25.7846,0,100
22,25,5.524792,0,100
26,94,27.63871,0,100
21,25,41.26823,0,100
15,46,40.41725,0,100
86,57,39.51848,0,100
88,16,85.10996,0,100
51,21,23.19391,0,100
79,37,55.7423,0,100
62,10,37.18125,0,100
1,8,34.92827,0,100
67,9,26.97589,0,100
63,28,38.20361,0,100
97,20,68.82337,0,100
47,12,64.30449,0,100
75,59,104.5727,0,100
75,95,140.6234,0,100
74,6,37.74066,0,100
59,99,42.80094,0,100
62,18,34.05204,0,100
40,61,18.19129,0,100
90,86,14.57219,0,100
33,90,125.2337,0,100
78,83,85.66219,0,66.0962
39,60,52.82013,0,100
21,80,123.5263,0,100
57,49,55.43654,0,100
56,4,123.9478,0,100
69,37,112.4619,0,100
46,44,114.6297,0,100
32,95,5.260876,0,100
12,59,28.62761,0,100
39,85,33.48464,0,100
81,42,54.22292,0,100
34,81,123.1489,0,100
55,1,11.09234,0,100
74,96,39.14261,0,100
41,8,87.61592,0,100
76,3,108.0221,0,100
57,60,156.1206,0,100
97,79,115.3657,0,100
57,26,168.7341,0,100
88,90,47.09722,0,100
3,59,54.49603,0,100
91,11,15.10953,0,100
68,3,57.19176,0,100
94,30,70.45902,0,100
94,2,60.86047,0,100
77,92,58.67362,0,100
27,45,76.69636,0,100
95,29,140.8393,0,100
71,55,106.5888,0,100
68,37,76.05447,0,100
61,36,18.25718,0,100
60,67,96.18164,0,100
82,50,85.63497,0,100
1,26,67.60077,0,100
99,6,59.05974,0,100
97,70,77.60877,0,100
34,83,129.5803,0,100
49,96,18.28564,0,100
39,99,3.012555,0,100
16,73,24.47677,0,100
92,91,22.39524,0,100
66,94,114.0787,0,100
63,93,7.378119,0,100
5,12,55.58258,0,100
9,88,10.66472,0,100
44,25,23.45971,0,100
4,67,59.37706,0,100
46,23,44.83256,0,100
14,41,37.76202,0,100
66,30,53.56092,0,100
99,73,74.00068,0,100
68,46,16.07492,0,100
6,34,47.61413,0,100
19,2,31.93248,0,100
23,78,130.8796,0,100
74,95,168.1528,0,100
7,34,183.2875,0,100
50,25,76.63858,0,84.17686
56,83,2.796234,0,100
58,7,82.03126,0,100
18,95,189.2747,0,100
50,52,33.35887,0,100
82,78,11.38597,0,100
80,16,119.8439,0,100
98,10,68.04479,0,100
20,11,8.220177,0,100
35,5,75.77707,0,100
28,33,184.5364,0,100
88,78,49.11207,0,100
89,92,60.28644,0,100
40,99,50.65302,0,100
80,8,54.16458,0,100
21,9,87.52922,0,100
30,96,35.43819,0,100
69,3,91.16614,0,100
19,77,63.22741,0,100
39,63,88.1218,0,100
42,71,166.0581,0,100
82,86,9.767546,0,100
5,51,40.14538,0,100
58,8,33.48183,0,100
64,35,9.962692,0,100
27,76,90.9954,0,100
19,32,130.2238,0,100
2,12,34.75786,0,100
56,10,69.7433,0,100
50,63,97.86524,0,100
5,73,34.21456,0,100
17,85,71.6173,0,100
65,34,109.0975,0,100
99,30,27.29166,0,100
40,59,91.30068,0,100
34,56,128.0726,0,100
15,77,96.61801,0,100
79,74,14.82978,0,100
11,89,67.30225,0,100
100,24,42.62004,0,100
76,43,153.4103,0,100
50,65,6.230972,0,100
39,8,39.41305,0,100
63,44,13.25915,0,100
18,14,119.6568,0,100
61,71,46.85766,0,100
6,91,25.73414,0,100
17,30,82.75698,0,100
74,69,176.5502,0,100
30,55,31.73632,0,100
42,67,117.8187,0,100
97,6,94.81289,0,48.63465
4,39,104.6152,0,100
41,57,158.4725,0,100
47,40,16.13579,0,100
81,89,132.0211,0,100
22,75,9.924644,0,100
19,48,134.7768,0,100
57,51,29.10762,0,100
74,87,136.0525,0,100
34,36,44.12411,0,100
17,40,54.88991,0,100
89,38,148.5301,0,100
61,42,120.7205,0,100
7,40,126.7055,0,100
17,43,141.1718,0,100
71,78,32.66077,0,100
69,97,46.65343,0,100
88,7,95.05912,0,100
13,14,55.47173,0,100
50,29,83.11283,0,100
48,97,46.94527,0,100
100,9,42.55949,0,100
97,44,120.4427,0,100
21,15,91.11794,0,100
75,72,8.571532,0,100
50,39,15.32224,0,100
29,100,9.515451,0,100
1,60,53.59537,0,100
39,29,71.78003,0,100
58,74,90.79249,0,100
58,63,80.30841,0,100
10,77,71.65872,0,100
60,100,107.1961,0,100
85,10,14.18632,0,100
22,17,47.90581,0,100
90,100,1.100171,0,100
9,23,86.43255,0,100
16,1,94.73042,0,100
37,15,23.66752,0,100
77,12,123.692,0,100
8,55,45.6704,0,100
51,43,124.6899,0,100
69,70,123.2025,0,100
57,91,74.70045,0,100
80,11,64.88054,0,100
39,97,32.61184,0,100
36,89,47.10799,0,100
61,45,47.09295,0,100
10,78,19.24971,0,100
29,31,51.99092,0,100
57,81,126.3716,0,100
67,52,22.895,0,100
58,49,49.33687,0,100
34,42,175.6883,0,100
67,16,57.462,0,100
48,15,90.90152,0,100
59,65,36.90656,0,100
89,87,159.686,0,100
88,40,39.06082,0,100
72,62,15.27126,0,100
74,23,159.2977,0,100
70,59,90.85888,0,100
35,76,4.397519,0,100
23,65,67.32791,0,100
84,6,10.86977,0,100
48,14,67.225,0,100
75,25,5.572536,0,100
16,93,15.76051,0,100
62,2,57.35736,0,100
63,57,25.74603,0,100
63,80,106.0308,0,100
57,54,161.2399,0,100
87,57,157.9694,0,100
67,48,122.5833,0,100
28,34,19.22345,0,100
81,13,62.3825,0,100
47,33,116.5709,0,100
12,45,107.5734,0,100
23,41,23.92459,0,100
10,44,39.96876,0,100
42,51,156.8077,0,100
18,72,38.26012,0,100
14,23,58.68779,0,100
12,29,84.54561,0,100
6,60,108.6571,0,100
84,86,11.17484,0,100
59,63,125.945,0,100
85,21,71.09314,0,100
81,68,20.90868,0,100
36,38,104.6592,0,100
3,56,37.60935,0,100
93,7,158.3956,0,100
44,61,35.38634,0,100
59,16,138.6194,0,100
37,88,19.33666,0,100
48,74,180.6225,0,100
20,31,22.85572,0,100
34,43,145.2905,0,100
5,43,86.40563,0,100
54,25,114.1787,0,100
67,63,42.0438,0,100
20,60,89.7717,0,100
95,13,121.1912,0,100
61,78,13.68368,0,100
87,76,166.8501,0,100
100,17,44.63345,0,100
42,84,131.4437,0,100
17,19,54.3537,0,100
80,35,126.6706,0,100
95,92,130.0455,0,100
34,39,104.5768,0,100
34,6,47.0841,0,88.43496
72,54,131.0826,0,100
55,42,69.20198,0,100
52,45,74.28153,0,100
90,58,56.8343,0,100
65,51,88.72233,0,100
54,88,68.46807,0,100
97,33,33.71105,0,100
45,51,15.90587,0,100
78,84,3.832989,0,100
81,44,106.9426,0,100
39,1,9.26599,0,100
3,20,28.61053,0,100
61,44,32.86382,0,100
92,33,117.0306,0,100
14,6,70.31444,0,100
38,8,73.07349,0,100
83,39,26.64154,0,76.47034
19,97,85.23009,0,100
40,30,26.02933,0,100
79,54,142.2887,0,100
72,92,22.30677,0,100
97,34,136.594,0,100
55,95,63.67159,0,100
63,79,10.1408,0,100
90,80,78.39533,0,47.61954
88,53,40.35491,0,100
51,64,42.39616,0,100
6,2,38.04795,0,100
42,96,137.9216,0,100
36,87,106.0232,0,100
65,47,57.18138,0,100
23,87,30.6682,0,100
48,56,54.52445,0,100
9,71,75.2993,0,100
15,67,32.07077,0,100
63,96,27.05508,0,100
52,28,100.6119,0,100
64,82,56.43786,0,100
14,65,11.32241,0,100
28,19,71.47055,0,100
10,62,37.23431,0,100
99,71,90.11858,0,100
45,27,75.81195,0,100
82,90,11.50514,0,100
64,79,44.39967,0,100
71,92,38.23084,0,100
11,83,72.02388,0,100
35,9,97.53971,0,100
31,91,15.91223,0,100
95,35,200.0797,0,100
94,34,146.2459,0,100
95,74,179.2107,0,100
63,60,139.685,0,100
71,65,102.7202,0,100
100,50,73.54369,0,100
88,36,48.81876,0,100
74,100,35.07014,0,100
74,67,52.71851,0,100
36,57,46.35193,0,100
46,91,59.89171,0,100
52,68,61.99162,0,100
6,12,69.51884,0,100
72,79,8.181406,0,100
71,36,29.88311,0,100
20,23,107.1863,0,100
15,75,52.31876,0,100
6,99,59.37864,0,100
79,41,131.3722,0,100
16,72,28.96977,0,100
33,11,108.9426,0,65.67974
74,24,73.62368,0,100
73,32,155.3825,0,100
36,75,10.71113,0,100
77,97,149.7216,0,100
68,65,36.50899,0,100
10,2,24.91487,0,100
37,28,98.82085,0,100
83,50,13.52022,0,100
14,30,38.64069,0,100
30,27,2.506622,0,100
98,71,116.5396,0,100
40,63,34.7439,0,100
83,70,71.62338,0,100
16,77,13.40402,0,100
95,100,130.7044,0,100
91,16,68.56943,0,100
8,40,11.68927,0,100
46,32,52.15859,0,100
80,90,73.17221,0,100
73,46,103.1053,0,100
83,24,48.37012,0,100
57,52,86.05733,0,100
39,76,118.9503,0,100
37,95,107.3541,0,100
34,61,56.94977,0,100
6,56,79.31843,0,100
42,14,64.57291,0,100
20,55,48.68669,0,100
1,97,34.69628,0,40.70566
65,25,66.34879,0,100
58,83,27.40301,0,100
20,51,41.81085,0,100
94,49,95.39408,0,100
85,33,95.20987,0,100
71,3,82.73768,0,100
100,6,2.692427,0,86.60758
21,40,55.62328,0,100
13,90,19.7121,0,100
78,42,134.4771,0,100
65,91,39.74994,0,100
100,18,50.32408,1,100
98,48,56.67843,0,100
21,60,153.4622,0,100
53,51,112.0105,0,100
94,69,40.76142,0,100
32,10,115.6669,0,100
65,10,48.62852,0,100
68,47,92.32703,0,100
76,31,96.47658,0,100
26,77,174.152,0,100
79,75,16.74621,0,100
36,86,12.02638,0,100
64,94,174.7136,0,100
83,81,2.476757,0,100
44,92,34.49148,0,100
93,11,38.84674,0,100
36,77,46.49478,0,100
77,68,152.3851,0,100
64,95,191.3684,0,100
97,60,18.83188,0,100
22,64,70.04737,0,100
58,26,68.50021,0,100
48,16,177.9633,0,100
72,8,39.23158,0,100
22,55,63.77658,0,100
72,50,84.09379,0,100
49,90,12.53175,0,100
51,53,105.7088,0,100
68,13,83.69608,0,100
86,63,19.0327,0,100
23,6,135.1508,0,100
22,89,54.35529,0,100
74,49,45.56741,0,100
46,60,24.27653,0,100
17,20,62.6571,0,100
3,85,20.65928,0,100
50,43,29.70238,0,100
72,17,31.63513,0,100
91,32,105.0693,0,100
97,9,50.12881,0,100
23,85,101.0405,0,100
38,70,83.54917,0,100
7,51,162.997,0,100
56,96,79.85325,0,100
14,38,25.94359,0,100
96,6,3.883975,0,100
77,5,73.00985,0,100
58,13,40.50975,0,100
37,49,30.31698,0,100
8,62,40.34299,0,100
51,52,63.09391,0,100
66,93,11.81371,0,100
73,42,147.0895,0,62.89991
80,83,11.53222,0,100
60,64,176.3174,0,100
4,75,37.82087,0,100
46,27,51.36817,0,100
58,100,57.71298,0,100
76,2,94.32703,0,100
57,93,24.71136,0,100
43,20,79.37442,0,100
19,30,33.04528,0,100
82,38,102.8204,0,100
79,80,100.8296,0,100
41,55,37.82724,0,100
6,74,36.76657,0,100
55,60,42.89373,0,100
68,32,36.89671,0,100
10,5,1.309282,0,100
18,97,135.6206,0,100
20,70,10.60457,0,100
32,5,124.9787,0,100
88,46,41.58248,0,100
10,29,30.36935,0,100
8,45,62.80756,0,100
83,37,54.39756,0,100
2,66,54.25459,0,100
23,21,178.3908,0,100
19,91,22.52572,0,100
72,70,26.63694,0,100
8,86,36.14862,0,100
1,65,8.614357,0,100
20,67,7.595459,0,100
64,83,144.314,0,100
70,35,72.49519,0,100
79,86,10.18728,0,100
37,60,81.08198,0,100
94,20,83.10475,0,100
17,94,146.5615,0,100
23,47,128.696,0,100
94,45,140.3996,0,100
66,62,17.56346,0,100
78,81,89.21798,0,100
77,88,96.09764,0,100
45,69,169.8522,0,100
80,66,94.39235,0,100
91,75,34.54993,0,100
26,48,12.83982,0,100
39,70,45.3348,0,100
16,59,147.2086,0,100
2,29,50.99545,0,100
87,90,99.03921,0,100
34,87,148.3309,0,100
39,77,116.6335,0,100
95,55,68.71009,0,100
53,48,55.22798,0,100
12,40,59.74969,0,100
56,90,80.27849,0,100
11,63,39.29523,0,100
91,46,61.33418,1,77.45193
81,14,15.51506,0,100
88,13,27.46462,0,100
28,76,5.175394,0,72.36902
4,37,72.98085,0,100
65,75,68.52662,0,100
79,43,117.1909,0,100
62,94,120.0978,0,100
81,34,128.8919,0,100
96,2,41.1939,0,100
48,86,148.4662,0,100
