30,100
1,7.589358,7.768427,0,0,0
2,15.12596,16.42021,86.33317,77.88636,26.622
3,7.379803,10.71476,26.55641,0.7399184,12.86605
4,18.75442,17.5576,32.817,22.82071,64.58064
5,12.16887,18.74001,81.49087,85.07037,83.55068
6,9.246619,0.1467142,89.1182,0.6044319,20.04205
7,0.9327032,8.158512,29.13376,27.02515,15.65682
8,14.93009,2.304343,48.29125,17.6238,25.91582
9,18.91199,16.21467,59.29669,15.03131,74.50684
10,18.91354,7.906387,92.12682,23.26418,10.29074
11,13.60481,13.43599,60.54538,42.8245,50.19434
12,18.15864,18.74491,33.06181,54.59658,95.74779
13,0.2336584,2.461965,28.62937,29.377,28.9768
14,3.558602,6.593095,61.23742,77.97931,68.87167
15,19.70203,17.9495,43.52167,60.80507,16.57681
16,18.58708,13.57051,6.157446,86.29812,43.24568
17,3.833948,6.850838,20.79794,25.58617,25.09023
18,13.01905,15.93068,13.25165,56.72459,9.850479
19,14.78837,17.83188,51.94296,22.83554,80.1796
20,15.82749,4.598141,69.10376,92.51897,79.46144
21,13.17172,13.27564,38.27211,4.958568,59.23946
22,2.523252,10.5442,90.31833,39.23384,35.31315
23,0.01585306,4.395224,26.35933,80.22697,59.19978
24,13.1995,11.46197,59.05882,42.51295,37.24439
25,3.852159,3.901609,15.00442,60.77183,90.62256
26,15.54429,2.433266,80.03632,97.29217,26.2342
27,6.29171,0.7665943,85.75935,65.68047,97.39967
28,18.81735,9.364402,94.9816,43.99216,63.91769
29,11.61104,0.7339244,6.019267,32.02163,51.05013
30,14.66804,9.301246,0.3944051,75.79751,55.61715
7,9,27.10419,0,100
14,6,10.90463,0,100
8,24,14.53493,0,100
22,15,19.19892,0,100
12,25,28.82881,0,100
12,28,10.17962,0,100
17,28,25.76951,0,100
28,8,8.846464,0,100
28,30,6.651496,0,100
7,10,25.89516,0,100
16,1,13.61192,0,100
9,22,22.68285,0,100
5,10,14.88041,0,100
2,9,4.016883,0,100
1,24,10.07196,0,100
20,9,17.28972,0,100
23,25,4.314117,0,100
18,9,7.994654,0,100
15,21,10.09258,0,100
5,30,13.76334,0,100
20,19,17.6131,0,100
8,6,6.777253,0,100
9,11,6.30931,0,100
19,27,20.96781,0,100
7,26,26.20602,0,100
5,13,33.43717,0,100
23,29,18.83297,0,100
5,4,9.251719,0,100
19,3,13.44142,0,100
18,14,18.02181,0,100
8,4,17.63293,0,100
6,1,11.54871,0,100
15,27,24.30146,1,100
15,23,35.7895,1,100
22,9,25.60092,0,100
11,2,3.514898,0,100
25,30,19.42043,1,100
10,13,27.81967,0,100
3,29,17.03693,0,100
17,8,14.01863,1,100
8,7,25.62044,0,62.52842
19,11,5.581103,0,100
8,3,14.45515,1,100
8,21,16.85817,0,100
3,9,21.61223,0,100
5,28,12.23906,0,100
20,29,7.707122,0,100
9,18,7.480698,0,100
3,17,6.854959,0,100
30,10,6.056406,1,100
4,24,10.52928,0,100
20,24,10.03204,0,100
14,7,4.952969,0,100
13,21,28.03126,0,100
14,24,11.04006,0,100
26,7,25.67463,0,100
13,10,32.73615,0,100
8,10,8.220507,1,100
16,22,20.32795,0,100
6,21,22.55169,1,100
3,7,11.77212,1,100
11,13,20.92676,0,100
4,12,1.537203,0,100
4,25,22.94706,0,100
28,17,21.79288,0,100
11,7,16.27989,1,100
22,21,17.42469,0,100
2,22,18.86366,1,100
6,25,7.932647,0,100
23,14,5.819538,1,100
29,5,25.6395,0,100
28,20,6.124044,0,100
6,13,15.58564,0,100
11,19,4.738464,1,100
27,21,20.89011,0,100
5,23,25.69102,0,100
26,21,12.98094,0,81.74987
6,2,20.80603,0,100
25,11,14.55748,0,100
27,29,5.895569,0,100
30,22,18.93536,0,100
9,29,24.11891,0,100
16,7,21.5457,1,100
21,15,9.300856,0,100
24,1,6.974289,1,100
27,14,6.881042,0,100
26,2,16.30318,1,100
29,11,15.50834,1,100
15,22,31.53775,0,100
17,22,6.344506,1,100
29,13,11.60782,0,100
8,26,1.028317,0,100
7,11,14.75563,0,100
6,29,3.147122,0,100
11,20,11.75766,0,100
18,24,6.40254,0,100
9,1,22.17476,0,100
1,23,9.127119,0,100
22,14,5.900252,0,100
21,14,16.14333,0,100
11,27,20.86841,0,48.46503
15,13,34.16395,0,100
17,29,14.25665,0,100
25,4,31.7338,1,100
9,25,23.86427,0,100
6,3,15.1149,0,100
23,21,21.53403,0,100
27,20,13.41515,0,100
26,9,21.36309,0,100
2,20,19.59662,0,100
7,29,15.5365,0,100
5,21,8.180338,0,100
15,9,3.149514,0,100
15,25,28.57049,0,100
27,11,17.82466,0,100
14,3,7.637038,0,100
27,23,7.942536,0,100
27,8,8.814772,0,100
11,14,16.11908,0,100
11,26,16.31756,1,100
30,2,8.819576,0,100
29,2,19.85296,0,100
25,23,5.518037,1,100
23,2,24.84717,1,100
17,15,27.47881,0,100
13,11,28.10741,1,100
3,21,7.343124,0,100
20,12,17.95516,0,100
24,19,8.027982,0,100
1,22,6.783477,1,100
6,7,18.29908,1,100
24,29,11.50618,0,100
23,1,10.04247,1,100
6,24,18.64932,0,84.16249
26,30,9.989114,0,79.95428
22,3,6.429575,1,100
7,5,16.43653,0,100
23,7,4.628698,0,100
13,5,31.74954,0,100
30,4,9.717199,0,100
13,29,15.84114,0,63.643
25,5,22.72854,0,100
26,24,14.56401,1,100
19,21,7.008425,1,100
13,14,6.594801,0,100
13,4,27.18201,1,100
26,17,15.08726,0,100
30,24,3.88178,0,100
25,6,7.522533,0,100
4,13,27.66322,0,100
10,5,13.12409,0,100
17,30,15.35746,0,100
20,7,20.37936,0,100
13,8,21.71727,1,54.76184
10,16,5.917433,0,100
1,18,12.62511,0,100
21,7,19.0034,0,100
8,28,12.86535,0,100
11,25,14.30224,0,100
27,2,26.93249,0,100
5,25,24.685,1,100
11,12,11.24924,0,100
20,23,23.42784,0,100
3,28,19.1943,1,100
23,4,30.50853,0,100
3,24,6.99667,1,87.77324
21,24,2.144121,0,100
12,1,22.33361,0,100
1,25,8.895317,0,100
12,2,6.296758,1,100
30,20,7.947835,0,100
28,14,24.34174,0,100
14,21,19.29633,0,100
30,17,12.55252,0,55.03891
19,10,10.75751,1,100
12,9,4.479809,0,100
6,27,3.398968,1,100
28,15,11.41171,0,100
21,20,10.7266,0,100
2,1,18.40026,0,100
12,14,23.75237,0,100
25,28,24.60941,0,100
3,4,14.94185,0,100
8,15,23.60996,0,100
3,8,14.57415,0,100
16,6,26.44466,1,100
8,14,16.542,0,100
21,5,7.379912,0,100
21,23,25.098,0,100
25,3,10.45157,0,100
19,12,5.523967,0,100
2,10,15.44611,1,100
10,22,23.6821,0,100
3,19,10.43568,0,100
28,9,6.909231,0,100
23,18,17.60955,0,100
16,19,9.618908,1,100
12,21,10.33893,0,100
21,13,21.73797,0,100
17,5,20.74502,0,100
5,16,8.60987,1,100
3,15,18.50894,1,100
6,23,13.13041,0,100
15,26,24.13591,0,100
7,19,25.48606,0,100
5,17,23.60796,0,100
4,18,6.773406,0,100
25,19,23.52362,0,100
16,5,11.35066,0,100
20,30,5.594898,0,100
11,15,11.33273,1,100
2,27,28.40221,1,100
4,22,24.10855,0,100
9,14,20.72924,1,100
12,3,14.36434,0,100
21,17,16.00451,0,100
2,26,20.5013,0,100
20,28,7.259084,0,100
14,9,26.24543,0,100
25,22,9.145886,0,100
26,28,9.0752,0,100
28,12,15.60741,1,100
6,20,9.493087,0,100
23,5,22.60364,1,100
7,1,10.39749,0,100
1,7,8.475523,1,100
26,20,2.461965,0,100
10,8,7.770857,0,100
19,26,25.08351,0,100
8,25,13.37578,1,100
12,19,4.291997,1,100
10,4,16.15642,0,100
20,6,13.48365,0,100
28,16,5.662488,1,100
4,9,2.054671,0,100
3,26,17.7289,0,100
23,15,30.37121,1,100
25,14,2.778142,1,100
18,16,9.467887,0,100
22,4,29.67393,0,100
25,2,22.65793,0,100
8,27,11.40612,1,100
17,9,29.83353,0,100
8,23,17.61232,0,100
13,15,27.10268,1,100
13,1,12.57793,0,100
27,22,12.90937,0,100
17,10,20.92513,0,100
20,18,18.36011,0,100
7,12,30.59726,0,100
2,13,23.65909,0,100
2,23,29.98468,0,100
19,15,7.225088,0,100
5,3,12.78986,1,100
28,22,25.77621,1,100
22,20,15.22777,0,100
29,28,12.39001,0,100
11,17,17.22708,0,100
12,23,38.72251,0,100
15,3,17.14095,0,100
29,27,6.01634,1,100
16,23,30.19925,0,100
1,12,20.51305,1,100
11,9,10.06329,1,100
1,30,10.90657,0,100
1,16,14.17481,0,100
3,13,16.80475,0,57.17823
7,15,32.83112,0,100
14,22,4.324901,0,100
29,14,15.55645,1,100
27,16,23.43638,1,100
6,16,20.90068,0,100
18,7,23.41919,1,100
20,21,9.877997,1,100
16,4,6.035319,1,100
21,9,6.784205,0,100
1,28,19.15194,0,100
29,18,15.31678,0,100
22,25,8.016875,1,100
1,9,19.13756,0,100
30,5,12.27986,0,100
7,14,3.471901,1,100
16,8,13.91022,0,100
9,4,2.283994,0,100
26,19,21.49443,0,100
12,24,10.07592,0,100
22,24,17.81077,0,100
25,9,31.08275,0,100
27,6,4.614338,1,100
19,25,19.9903,0,100
19,28,14.58214,0,100
28,27,17.53256,0,100
19,29,29.24314,0,100
27,19,26.22033,1,100
17,21,18.55696,0,49.417
13,16,21.53882,0,100
21,28,9.54673,0,100
13,28,28.9843,1,100
17,7,4.108941,0,100
4,15,1.617675,0,100
26,15,23.11364,0,100
22,11,12.09587,1,100
13,25,5.652157,0,100
29,25,12.35343,0,100
22,5,16.67263,1,100
11,16,6.110603,1,100
9,28,7.415379,0,100
10,21,9.160284,0,100
30,6,11.2337,0,100
5,9,10.49195,0,100
3,30,10.40256,0,100
28,13,27.27844,0,100
1,29,13.65897,0,100
21,10,8.8112,0,100
30,27,15.04247,0,100
4,20,20.83049,0,100
7,13,9.492007,0,100
30,23,16.38641,0,100
3,22,6.664839,0,100
2,18,3.512432,1,100
29,17,13.78528,0,100
15,12,2.860247,0,100
28,10,2.305761,1,100
6,22,12.94845,0,100
18,22,11.82365,1,100
15,10,12.04986,0,100
6,4,20.35739,0,100
12,15,2.268587,0,100
18,15,7.73407,1,100
6,19,30.46605,1,100
26,18,20.35892,0,100
3,25,12.36377,1,100
10,9,13.52262,1,100
16,14,23.956,1,100
19,9,7.053119,0,100
22,17,4.687944,0,45.09694
2,24,6.859738,0,100
21,11,0.6937454,0,100
30,28,6.785129,0,100
18,1,14.35865,1,100
4,1,18.58289,0,100
14,2,16.38806,1,100
28,21,8.322239,0,100
15,20,23.0384,0,100
4,23,36.11756,0,100
11,4,7.064085,0,64.32728
13,23,2.415596,1,100
24,11,2.764081,0,100
21,26,14.20462,0,100
22,12,25.99171,0,100
21,6,19.16635,0,100
1,3,4.296619,0,100
15,4,1.197386,1,100
28,2,9.198255,0,100
15,30,15.48738,0,100
13,30,22.42148,0,100
4,28,13.15529,0,100
30,19,9.570781,1,100
10,19,12.94356,0,100
22,8,17.79277,0,100
8,1,9.21691,1,100
16,20,14.1562,0,100
17,20,16.26119,0,100
23,24,24.6578,0,100
10,7,20.93078,0,100
27,28,15.28234,0,100
1,14,4.863945,1,100
6,15,32.96605,0,100
10,26,7.113864,0,100
17,18,19.46626,0,100
26,27,10.12171,1,100
23,9,35.44851,0,100
10,18,12.49648,0,100
9,7,27.24182,0,100
12,5,6.371938,0,100
4,7,29.63785,0,100
8,5,20.23167,0,100
30,15,13.39248,0,100
6,9,26.11447,0,100
19,16,9.140813,0,100
9,19,5.584063,0,100
11,28,7.371522,0,100
30,12,12.80306,0,100
7,24,17.45669,0,79.50481
28,11,8.614078,0,100
8,22,23.55984,1,100
22,7,4.580189,0,75.71459
18,4,9.836697,1,100
7,20,16.12982,0,100
14,11,20.28868,0,100
2,11,4.799037,0,100
24,5,10.42822,0,100
30,1,10.00482,0,100
29,20,7.758181,0,100
2,28,9.439494,1,100
13,3,11.19838,0,100
29,7,14.63575,0,100
18,21,3.327643,0,100
30,3,12.34973,0,100
19,2,2.118303,1,55.14148
16,30,7.704546,0,100
3,18,11.45887,0,100
7,27,11.8524,0,100
25,29,12.24886,0,100
28,26,12.79859,0,100
9,2,6.340949,1,100
7,28,20.28955,0,100
3,20,11.33381,0,100
11,3,7.771076,1,100
1,17,6.212042,0,100
8,11,12.83372,1,100
15,28,11.90838,0,100
13,17,8.531497,1,100
28,29,17.52892,0,100
16,11,7.794221,0,100
27,7,11.26887,0,100
11,29,18.80106,0,100
11,18,3.292055,0,100
24,7,18.62873,1,100
2,3,13.92596,1,100
29,23,12.97316,0,100
3,5,11.06245,1,76.12281
20,25,16.43152,0,100
30,26,11.60396,1,100
8,12,16.87747,0,100
5,19,3.858274,0,100
1,20,14.97986,0,100
5,7,18.24035,1,100
26,22,17.3745,1,100
14,28,20.68999,1,100
26,25,12.36631,0,43.49157
13,20,20.65725,0,100
19,22,23.45662,0,100
23,19,29.84575,1,100
30,29,11.48792,0,100
22,18,14.37956,0,100
10,11,10.04169,0,100
4,3,20.09598,0,100
12,17,25.96517,0,100
14,27,7.522511,0,100
27,17,9.284333,0,100
5,24,9.475553,0,100
24,25,13.92789,0,100
28,5,13.84386,0,100
7,25,6.171346,1,100
4,30,10.5795,0,100
4,10,14.62691,0,100
26,6,9.067119,0,100
25,26,13.71191,0,100
1,6,10.65492,1,100
20,3,12.80116,0,100
4,2,4.247296,0,100
10,2,11.68252,0,100
16,17,22.46469,0,100
19,17,23.88495,0,100
14,18,17.46334,0,100
20,13,24.6107,0,100
20,8,4.158689,0,100
24,15,10.17297,1,100
15,1,17.84622,0,100
12,30,10.24189,1,100
27,10,16.6383,1,100
21,8,15.37595,0,100
9,26,18.50827,0,100
10,24,9.282804,0,100
25,1,8.260487,0,100
9,23,24.35057,0,100
26,5,17.98209,0,100
18,19,2.66545,0,100
26,23,21.14906,0,100
25,16,27.66902,1,100
6,28,21.99127,1,100
3,11,10.2291,0,100
16,9,3.433451,0,100
23,20,26.54887,0,100
8,20,3.438464,0,100
20,27,16.54979,0,100
16,24,7.839233,1,100
1,8,15.19229,1,100
1,11,13.64833,1,100
17,11,15.73454,0,100
17,12,28.58893,0,100
9,30,8.392744,1,100
1,4,17.44498,1,100
16,29,19.30877,0,100
12,11,11.7209,0,100
5,14,15.71744,0,100
27,24,14.60112,1,100
4,6,30.45262,0,100
17,14,0.4716592,0,100
24,21,2.666149,0,100
26,14,20.39251,1,100
24,10,7.228666,1,100
14,12,30.53899,0,100
18,10,11.53907,0,100
19,14,22.42993,0,100
10,12,14.83372,1,79.35567
23,3,12.90049,0,100
26,3,14.51341,0,100
24,4,13.23111,0,100
9,27,28.67976,0,100
7,17,3.748929,1,100
21,1,10.59443,0,100
8,9,16.19585,0,100
26,13,22.93818,0,100
18,28,9.466217,0,100
26,4,16.20979,0,100
26,11,14.8066,0,100
3,12,17.05956,0,100
21,30,5.198604,0,100
21,3,9.595304,0,100
22,6,18.35838,1,100
20,4,15.52184,0,100
30,13,23.23504,0,100
12,7,24.1061,1,100
5,6,28.61196,0,100
27,30,18.88745,1,100
22,2,17.99496,1,100
22,30,18.23819,1,100
7,23,4.781423,0,79.14294
20,22,22.47807,0,100
17,24,11.08905,0,100
10,6,20.70529,1,100
28,6,19.3719,0,100
5,8,22.00765,1,100
10,23,24.11124,0,100
9,5,8.547245,0,100
27,5,30.12018,0,100
20,15,17.2104,0,100
26,10,8.796362,0,100
18,20,13.35171,1,100
10,17,22.04271,0,100
4,16,4.25455,0,100
27,18,22.90781,0,100
13,9,31.52795,1,100
23,22,7.648644,0,100
23,8,16.91161,0,100
18,6,17.12039,0,100
3,1,4.342645,0,100
24,20,12.05466,1,100
9,15,2.925326,0,100
18,2,3.366537,0,100
2,29,26.11457,1,100
10,25,21.41129,0,100
22,23,9.422792,0,53.88737
16,10,8.994558,0,100
2,21,4.197311,0,100
27,3,14.04757,0,100
29,15,20.56384,0,100
7,2,25.91928,0,100
12,4,1.403401,0,100
9,8,18.75992,1,100
24,9,9.548585,1,41.60756
27,13,8.880419,0,100
14,15,22.01631,1,100
6,17,10.45435,0,100
1,2,13.92491,0,100
20,14,18.84762,1,100
11,8,12.9419,0,100
2,4,5.711974,1,100
2,16,6.561193,0,100
8,18,16.52726,0,100
2,30,10.15146,0,100
17,19,23.95234,1,100
18,25,16.41947,0,100
13,6,12.84509,1,100
8,19,19.09123,0,100
11,23,25.11292,0,100
1,5,19.0629,0,100
2,5,5.286038,1,100
14,25,2.90997,0,100
25,20,15.45129,0,100
7,3,11.40599,0,100
17,16,22.64853,0,100
19,18,3.521721,0,75.851
24,18,4.919309,0,100
13,19,24.36294,1,51.07127
21,2,4.480404,0,100
4,26,18.72862,0,100
30,16,7.663503,0,100
2,8,14.31502,0,100
15,19,6.673664,0,57.17042
25,15,21.58714,0,100
12,18,9.092662,0,100
29,24,16.47581,0,100
22,26,20.80038,1,100
7,30,20.59535,0,100
20,26,2.281499,1,100
23,11,24.02819,0,100
1,15,16.98856,1,100
20,16,15.29,0,100
23,26,25.39823,0,100
25,18,16.85116,1,100
29,26,5.430886,0,100
17,4,21.13777,0,100
6,12,24.77587,0,100
4,14,20.62608,0,100
30,25,14.12099,0,100
16,3,12.71342,0,100
24,6,16.53257,1,100
23,16,25.00611,0,100
12,20,18.44148,0,100
25,10,25.30492,1,100
4,21,8.168235,0,100
9,16,2.784393,0,100
5,20,16.37632,0,100
10,20,5.822847,1,100
4,17,19.33856,0,100
14,10,15.68882,0,100
2,15,5.067014,0,100
24,8,10.8037,1,100
13,18,29.82844,0,100
25,24,14.0596,0,65.0496
18,23,18.25759,0,100
5,29,28.29925,0,100
17,13,7.766672,0,100
1,26,14.20438,0,100
5,15,9.730205,0,100
17,6,13.84582,0,100
3,23,12.54316,1,100
25,7,6.893953,0,100
24,12,9.579965,0,100
15,29,26.48292,1,100
24,22,12.7221,0,100
28,24,8.919764,0,100
29,19,27.02677,0,100
3,6,17.12696,0,100
8,2,19.00857,0,100
28,19,9.443462,1,100
6,10,19.05469,0,100
12,27,28.20203,0,100
18,30,10.96163,0,100
9,21,8.29132,0,100
24,14,13.95316,0,100
20,2,19.51971,0,100
14,19,24.51778,0,100
29,4,18.42373,1,100
15,5,11.60398,0,100
23,30,25.86358,1,100
10,29,11.83165,1,100
12,13,33.55426,0,100
22,13,13.48308,0,100
14,13,7.91743,0,100
16,13,31.17025,0,100
4,29,23.72176,0,100
15,6,25.9636,0,100
24,30,2.701805,1,100
17,27,9.642272,0,100
15,7,28.64265,0,100
18,5,3.960414,0,100
23,27,12.1561,1,100
13,22,12.03585,0,50.78519
10,28,2.188439,0,100
19,6,31.21507,0,100
19,8,16.19945,0,100
18,12,6.728985,1,100
27,12,27.19747,0,100
20,1,14.46843,1,100
17,26,19.31852,0,100
14,20,20.86175,1,80.18506
30,21,4.862103,0,63.99814
9,20,17.61921,0,100
19,7,20.97299,0,100
24,17,14.90574,0,100
3,2,15.26637,0,100
28,18,11.43163,0,100
25,8,17.40237,0,100
14,17,0.4057228,1,100
19,1,14.30818,1,100
22,27,14.22951,0,100
18,8,18.43504,0,100
1,10,11.44483,0,100
3,10,12.90604,0,100
21,18,2.865388,0,100
21,12,12.17158,0,100
5,2,4.737305,1,100
9,3,19.0605,0,100
4,19,6.697841,1,100
10,30,7.055023,0,100
29,3,11.72129,0,100
9,10,9.309711,0,100
9,12,3.734681,1,100
30,11,7.126246,0,100
19,5,3.128375,0,100
19,20,21.91801,0,100
18,29,16.07142,0,100
1,19,20.23755,0,100
30,9,8.935785,1,100
19,30,13.3072,0,100
27,9,30.2807,0,100
25,21,18.93581,1,100
24,3,9.247019,1,100
25,12,28.97371,0,100
2,17,18.18286,1,100
7,16,29.51191,0,100
4,27,27.30479,0,58.31897
23,10,21.62072,1,100
20,5,20.82505,0,100
27,25,5.382325,1,100
6,11,19.36466,1,100
15,11,10.85557,1,100
12,10,12.14377,0,100
16,12,7.976746,0,100
29,16,14.72395,1,100
23,12,37.61931,0,100
26,29,4.328601,0,100
18,3,11.96838,0,100
14,26,16.69142,0,100
24,28,9.229149,0,100
21,29,18.7473,1,77.81664
20,11,13.16326,0,100
29,8,5.92398,0,64.99283
25,13,5.052777,1,100
18,11,2.840371,0,100
16,2,6.25716,0,100
5,26,20.67268,0,100
13,24,22.83956,1,100
11,10,8.34701,0,100
5,11,7.538146,0,100
14,4,28.69817,0,100
18,26,18.6954,0,100
29,10,15.42092,0,100
11,5,7.091017,0,100
6,8,9.650363,1,100
8,30,11.84711,0,100
7,6,18.89,0,100
27,1,10.9501,1,100
28,25,16.48989,0,50.70674
18,17,21.47421,0,100
16,27,25.3732,0,100
17,1,5.199262,0,100
16,15,5.780305,0,100
28,1,15.94271,0,100
6,18,16.51592,1,100
19,23,27.02954,0,100
14,30,14.43188,0,100
11,6,18.46952,1,100
17,2,23.46277,0,100
10,15,12.32039,0,100
2,12,6.23411,1,100
24,23,18.43715,0,100
7,18,19.53327,0,100
15,14,21.00614,0,100
11,22,12.47086,0,100
28,3,17.78872,0,100
12,16,5.971505,0,100
7,4,28.41583,0,100
12,6,30.90502,0,100
21,19,7.279867,0,100
2,6,26.73669,1,86.86217
2,19,1.586367,0,100
13,2,20.75988,0,100
3,16,13.37979,1,100
24,13,18.63963,0,100
22,19,19.94695,0,100
28,7,20.23809,0,100
7,21,18.23009,1,100
5,12,8.327812,0,100
9,17,24.72547,1,100
8,17,13.11726,0,100
10,14,19.45986,0,100
16,21,8.329228,0,100
22,28,25.03552,0,100
19,13,21.54216,0,100
26,1,12.70974,0,100
26,8,1.058573,1,100
17,23,4.740865,1,100
21,27,19.59444,1,100
23,17,7.253912,0,100
20,17,12.933,1,100
6,14,13.22481,1,74.31255
24,2,8.427782,0,100
2,14,20.44754,0,100
29,22,20.42667,0,100
24,16,7.140001,0,100
27,15,34.48781,0,100
4,5,9.442631,0,100
14,1,5.756032,0,100
22,29,15.10099,0,100
21,16,6.253697,0,100
17,3,6.234526,1,100
15,18,11.50299,0,100
15,16,6.479545,0,100
29,1,9.430127,0,100
15,24,13.61073,0,100
14,5,21.09903,0,100
9,24,7.781301,0,100
30,8,9.381169,1,100
14,29,14.06898,0,100
23,13,2.416327,1,100
20,10,5.160977,1,100
8,16,17.95086,0,100
10,27,16.46509,0,100
27,4,31.4982,0,100
9,13,31.76391,0,100
16,26,14.51336,0,100
25,17,3.503517,0,100
3,14,5.817124,0,100
1,27,7.131764,1,100
5,18,3.321546,0,100
