1 1 47 26 45 28 42 15 50 35 43 1 
1 1 31 33 42 1 
1 1 47 46 10 1 
1 1 31 2 49 2 31 1 
1 1 39 9 27 20 1 
1 1 47 46 24 38 24 1 
1 1 26 44 26 1 
1 1 20 40 12 1 
1 1 10 23 8 21 18 40 31 1 
1 1 29 1 
1 1 47 36 31 1 
1 1 31 40 37 34 49 2 31 1 
1 1 32 25 12 1 
1 1 47 38 3 41 29 1 
1 1 32 19 17 1 
1 1 12 4 12 1 
1 1 31 27 7 20 1 
1 1 47 14 40 31 1 
1 1 5 6 12 1 
1 1 47 14 48 17 30 1 
1 1 31 13 31 1 
1 1 29 22 41 29 1 
1 1 47 11 8 29 1 
1 1 47 16 31 1 
2 1 47 31 28 1 
2 1 26 1 
2 1 47 46 42 33 40 31 1 
2 1 45 2 19 32 1 
2 1 10 21 10 1 
2 1 39 50 30 50 39 1 
2 1 47 15 37 40 31 1 
2 1 47 43 1 
2 1 45 9 12 1 
2 1 47 46 24 38 8 29 1 
2 1 26 44 26 1 
2 1 20 25 7 13 31 1 
2 1 10 23 3 1 
2 1 31 27 17 1 
2 1 31 2 49 2 31 1 
2 1 29 11 8 29 1 
2 1 32 1 
2 1 31 35 31 1 
2 1 12 4 12 1 
2 1 31 40 18 40 31 1 
2 1 47 36 8 41 1 
2 1 47 14 40 31 1 
2 1 5 1 
2 1 12 6 12 1 
2 1 29 22 41 29 1 
2 1 47 34 39 1 
2 1 47 14 48 14 40 31 1 
2 1 47 16 31 1 
3 1 47 26 2 12 8 29 1 
3 1 28 45 9 49 50 39 1 
3 1 31 20 1 
3 1 47 46 10 1 
3 1 42 23 10 1 
3 1 39 21 3 1 
3 1 47 15 1 
3 1 47 43 24 1 
3 1 26 44 25 12 1 
3 1 31 27 7 20 1 
3 1 47 38 36 17 11 8 29 1 
3 1 31 40 18 40 31 1 
3 1 42 33 42 1 
3 1 29 22 6 12 1 
3 1 31 40 37 14 40 31 1 
3 1 32 1 
3 1 32 19 16 30 1 
3 1 31 35 13 31 1 
3 1 12 4 12 1 
3 1 29 41 29 1 
3 1 5 1 
3 1 47 34 49 2 31 1 
3 1 47 14 48 14 40 31 1 
