1 1 171 1 
1 1 88 123 84 238 84 123 88 1 
1 1 171 37 279 37 171 1 
1 1 171 37 157 97 157 37 171 1 
1 1 158 145 34 214 257 256 193 122 158 1 
1 1 171 49 280 155 131 39 72 153 9 280 49 171 1 
1 1 88 123 73 123 88 1 
1 1 88 240 127 171 1 
1 1 88 36 132 111 87 1 
1 1 88 123 73 8 260 8 73 123 88 1 
1 1 32 7 244 280 49 171 1 
1 1 88 36 288 276 60 5 49 171 1 
1 1 171 151 171 1 
1 1 87 107 87 1 
1 1 88 36 288 275 248 275 288 36 88 1 
1 1 88 36 288 275 51 170 46 145 158 1 
1 1 88 176 88 1 
1 1 171 49 280 187 245 20 38 213 9 280 49 171 1 
1 1 88 123 73 8 194 247 194 8 73 123 88 1 
1 1 88 123 99 123 88 1 
1 1 158 231 124 162 89 53 192 145 158 1 
1 1 171 49 280 9 292 197 13 181 66 247 194 8 73 123 88 1 
1 1 158 300 119 177 19 43 95 73 123 88 1 
1 1 88 36 132 50 102 50 132 36 88 1 
1 1 171 49 280 244 280 49 171 1 
1 1 32 268 92 274 31 285 73 123 88 1 
1 1 88 123 84 232 6 97 157 37 171 1 
1 1 88 123 84 238 33 235 288 36 88 1 
1 1 88 123 84 166 190 253 75 123 88 1 
1 1 88 123 73 8 194 265 194 8 73 123 88 1 
1 1 171 37 157 97 113 97 157 37 171 1 
1 1 88 240 10 252 104 50 132 36 88 1 
1 1 171 37 157 97 117 55 93 55 237 176 88 1 
1 1 171 151 109 101 109 151 171 1 
1 1 88 36 262 206 291 10 240 88 1 
1 1 88 240 68 240 88 1 
1 1 158 145 192 53 192 145 158 1 
1 1 158 122 158 1 
1 1 88 36 288 91 288 36 88 1 
1 1 88 123 99 225 56 129 56 160 73 123 88 1 
1 1 171 49 280 63 41 120 49 171 1 
1 1 171 49 61 49 171 1 
1 1 88 123 182 203 182 123 88 1 
1 1 158 145 294 125 114 33 238 84 123 88 1 
1 1 158 145 135 175 218 288 36 88 1 
1 1 171 49 280 271 27 271 280 49 171 1 
1 1 88 36 200 221 169 194 8 73 123 88 1 
1 1 171 49 280 244 18 139 124 231 158 1 
1 1 158 283 158 1 
1 1 88 123 73 160 71 300 158 1 
1 1 88 123 73 8 161 8 73 123 88 1 
1 1 88 123 99 144 215 8 73 123 88 1 
1 1 171 49 280 9 45 110 27 271 280 49 171 1 
1 1 88 36 132 50 104 258 260 8 73 123 88 1 
1 1 158 231 40 79 208 280 49 171 1 
1 1 88 36 288 275 51 259 12 10 240 88 1 
1 1 88 123 73 285 227 167 201 87 1 
1 1 88 123 73 160 21 160 73 123 88 1 
1 1 88 36 288 275 223 275 288 36 88 1 
1 1 88 123 75 74 247 194 8 73 123 88 1 
1 1 88 123 73 8 194 198 250 198 194 8 73 123 88 1 
1 1 171 49 80 49 171 1 
1 1 88 36 288 275 286 275 288 36 88 1 
1 1 171 37 157 97 249 278 235 288 36 88 1 
1 1 158 62 158 1 
1 1 171 37 157 97 78 115 161 8 73 123 88 1 
1 1 171 49 280 244 48 244 280 49 171 1 
1 1 158 145 192 35 199 40 231 158 1 
1 1 171 49 5 263 5 49 171 1 
1 1 88 36 288 275 51 242 51 275 288 36 88 1 
1 1 171 37 157 97 78 15 183 288 36 88 1 
1 1 88 123 73 8 194 247 66 247 194 8 73 123 88 1 
1 1 88 36 288 218 288 36 88 1 
1 1 158 145 70 145 158 1 
1 1 158 145 192 53 246 53 192 145 158 1 
1 1 171 49 270 211 270 49 171 1 
1 1 88 123 73 8 260 195 260 8 73 123 88 1 
1 1 88 240 298 240 88 1 
1 1 171 37 157 97 78 15 77 100 288 36 88 1 
1 1 88 123 29 123 88 1 
1 1 171 37 157 16 157 37 171 1 
1 1 171 37 157 97 26 97 157 37 171 1 
1 1 158 145 192 53 89 207 220 292 9 280 49 171 1 
1 1 171 37 157 3 157 37 171 1 
1 1 87 201 289 53 192 145 158 1 
1 1 88 123 99 92 42 92 99 123 88 1 
1 1 88 36 288 275 51 65 14 135 145 158 1 
1 1 158 145 269 156 165 156 148 127 171 1 
1 1 171 49 280 9 153 9 280 49 171 1 
1 1 88 123 99 92 251 92 99 123 88 1 
1 1 158 122 154 122 158 1 
1 1 88 240 296 240 88 1 
1 1 88 123 73 95 152 36 88 1 
1 1 171 37 277 30 191 153 9 280 49 171 1 
1 1 88 36 288 295 239 262 36 88 1 
1 1 171 151 47 151 171 1 
1 1 171 49 280 9 153 72 153 9 280 49 171 1 
1 1 171 37 157 3 299 3 157 37 171 1 
1 1 158 122 193 22 159 56 160 73 123 88 1 
1 1 88 36 288 275 223 290 233 133 70 145 158 1 
1 1 171 49 280 187 185 187 280 49 171 1 
1 1 88 240 10 291 112 291 10 240 88 1 
1 1 88 240 68 234 68 240 88 1 
1 1 171 49 136 49 171 1 
1 1 88 123 84 238 188 39 72 153 9 280 49 171 1 
1 1 88 123 73 95 43 95 73 123 88 1 
1 1 32 268 58 268 32 1 
1 1 88 123 73 160 21 264 21 160 73 123 88 1 
1 1 88 36 288 106 288 36 88 1 
1 1 88 36 288 275 223 54 223 275 288 36 88 1 
1 1 158 122 202 122 158 1 
1 1 171 127 174 127 171 1 
1 1 88 36 288 275 223 290 273 290 223 275 288 36 88 1 
1 1 88 123 84 232 85 186 274 15 78 97 157 37 171 1 
1 1 88 123 73 8 194 143 194 8 73 123 88 1 
1 1 171 151 47 179 47 151 171 1 
1 1 171 37 157 97 78 15 77 243 178 16 157 37 171 1 
1 1 88 123 73 8 194 169 194 8 73 123 88 1 
1 1 158 145 192 53 246 287 246 53 192 145 158 1 
1 1 32 268 58 236 224 66 247 194 8 73 123 88 1 
1 1 88 36 132 50 102 261 102 50 132 36 88 1 
1 1 88 123 73 8 59 8 73 123 88 1 
1 1 171 127 98 127 171 1 
1 1 88 123 99 92 90 92 99 123 88 1 
1 1 158 283 256 69 126 45 9 280 49 171 1 
1 1 88 123 99 92 24 92 99 123 88 1 
1 1 171 49 280 271 118 81 54 223 275 288 36 88 1 
1 1 158 145 297 147 247 194 8 73 123 88 1 
1 1 88 36 288 91 281 219 231 158 1 
1 1 158 300 28 300 158 1 
1 1 87 137 87 1 
1 1 88 123 73 8 194 247 66 105 66 247 194 8 73 123 88 1 
1 1 158 145 70 133 70 145 158 1 
1 1 171 49 280 9 153 191 153 9 280 49 171 1 
1 1 32 216 32 1 
1 1 88 123 73 8 194 247 226 247 194 8 73 123 88 1 
1 1 158 122 193 22 52 22 193 122 158 1 
1 1 88 123 73 95 43 83 43 95 73 123 88 1 
1 1 87 201 177 209 177 201 87 1 
1 1 88 36 288 275 223 54 128 54 223 275 288 36 88 1 
1 1 88 36 132 50 163 50 132 36 88 1 
1 1 171 127 148 127 171 1 
1 1 171 49 280 208 217 208 280 49 171 1 
1 1 88 123 84 238 33 121 33 238 84 123 88 1 
1 1 158 145 192 53 246 287 293 287 246 53 192 145 158 1 
1 1 88 176 237 176 88 1 
1 1 88 123 73 8 161 115 172 115 161 8 73 123 88 1 
1 1 171 49 280 9 254 9 280 49 171 1 
1 1 88 36 288 275 223 290 284 290 223 275 288 36 88 1 
1 1 158 122 154 184 154 122 158 1 
1 1 88 123 73 8 194 247 66 181 66 247 194 8 73 123 88 1 
1 1 88 123 84 232 85 146 85 232 84 123 88 1 
1 1 88 240 68 234 230 204 161 8 73 123 88 1 
1 1 88 123 73 285 31 228 31 285 73 123 88 1 
1 1 88 123 73 160 56 129 205 129 56 160 73 123 88 1 
1 1 88 123 75 57 75 123 88 1 
1 1 88 123 73 160 21 180 21 160 73 123 88 1 
1 1 88 123 73 8 194 143 272 143 194 8 73 123 88 1 
1 1 88 123 73 8 116 142 132 36 88 1 
1 1 158 145 192 53 246 287 210 141 210 287 246 53 192 145 158 1 
1 1 88 36 132 50 104 168 104 50 132 36 88 1 
1 1 171 49 280 9 153 72 140 2 62 158 1 
1 1 88 123 73 160 56 129 4 129 56 160 73 123 88 1 
1 1 88 123 73 8 194 198 250 255 250 198 194 8 73 123 88 1 
1 1 158 122 202 134 202 122 158 1 
1 1 171 49 280 9 213 130 241 262 36 88 1 
1 1 88 36 288 275 51 259 108 259 51 275 288 36 88 1 
1 1 88 123 182 227 266 227 182 123 88 1 
1 1 171 49 280 9 153 196 82 196 153 9 280 49 171 1 
1 1 88 123 73 8 116 149 116 8 73 123 88 1 
1 1 171 151 109 101 222 138 206 291 10 240 88 1 
1 1 88 123 182 203 164 203 182 123 88 1 
1 1 171 49 280 9 254 67 254 9 280 49 171 1 
1 1 171 49 280 244 7 96 7 244 280 49 171 1 
1 1 88 123 73 8 194 198 250 229 250 198 194 8 73 123 88 1 
1 1 88 240 68 234 94 234 68 240 88 1 
1 1 88 123 73 8 194 247 66 181 13 181 66 247 194 8 73 123 88 1 
1 1 158 300 71 86 71 300 158 1 
1 1 88 240 68 150 68 240 88 1 
1 1 88 123 73 8 194 282 194 8 73 123 88 1 
1 1 158 145 192 53 89 162 189 162 89 53 192 145 158 1 
1 1 88 123 73 285 44 285 73 123 88 1 
1 1 88 36 288 106 23 106 288 36 88 1 
1 1 88 36 288 183 212 183 288 36 88 1 
1 1 171 37 157 97 26 64 26 97 157 37 171 1 
1 1 158 300 71 267 71 300 158 1 
1 1 32 268 58 236 76 236 58 268 32 1 
1 1 88 123 73 8 194 143 272 103 272 143 194 8 73 123 88 1 
1 1 171 49 280 9 213 25 213 9 280 49 171 1 
1 1 88 36 288 218 173 218 288 36 88 1 
1 1 88 36 288 276 60 17 60 276 288 36 88 1 
1 1 88 36 288 235 190 11 190 235 288 36 88 1 
2 1 171 37 171 1 
2 1 88 240 127 171 1 
2 1 171 37 157 16 157 37 171 1 
2 1 88 123 99 123 88 1 
2 1 158 145 158 1 
2 1 88 123 84 238 33 89 53 192 145 158 1 
2 1 171 49 5 49 171 1 
2 1 88 123 73 8 194 8 73 123 88 1 
2 1 171 37 157 97 157 37 171 1 
2 1 88 36 288 275 286 275 288 36 88 1 
2 1 171 49 280 187 185 58 236 58 268 32 1 
2 1 32 1 
2 1 171 151 47 179 181 66 247 194 8 73 123 88 1 
2 1 87 107 27 271 280 49 171 1 
2 1 88 36 288 275 51 275 288 36 88 1 
2 1 88 176 54 223 275 288 36 88 1 
2 1 88 36 132 50 132 36 88 1 
2 1 158 231 40 95 73 123 88 1 
2 1 171 49 280 9 213 9 280 49 171 1 
2 1 158 300 158 1 
2 1 88 123 73 8 260 258 130 213 9 280 49 171 1 
2 1 88 123 73 8 194 247 66 4 129 56 160 73 123 88 1 
2 1 171 49 280 244 280 49 171 1 
2 1 32 268 126 45 9 280 49 171 1 
2 1 88 36 288 276 288 36 88 1 
2 1 88 123 84 232 85 232 84 123 88 1 
2 1 87 111 87 1 
2 1 88 123 84 166 84 123 88 1 
2 1 158 145 34 160 246 53 192 145 158 1 
2 1 88 123 73 8 194 265 243 77 15 78 97 157 37 171 1 
2 1 171 37 157 97 113 97 157 37 171 1 
2 1 88 240 10 252 162 89 53 192 145 158 1 
2 1 171 37 157 97 117 198 194 8 73 123 88 1 
2 1 171 151 109 151 171 1 
2 1 88 36 262 153 9 280 49 171 1 
2 1 88 240 68 150 68 240 88 1 
2 1 158 145 192 78 97 157 37 171 1 
2 1 158 122 193 122 158 1 
2 1 88 36 288 91 281 219 231 158 1 
2 1 88 123 99 225 182 227 182 123 88 1 
2 1 171 49 280 63 211 270 49 171 1 
2 1 171 49 61 38 213 9 280 49 171 1 
2 1 158 145 294 145 158 1 
2 1 158 145 135 175 218 288 36 88 1 
2 1 88 123 99 92 90 203 164 203 182 123 88 1 
2 1 171 49 280 271 280 49 171 1 
2 1 88 36 200 36 88 1 
2 1 171 49 280 244 18 244 280 49 171 1 
2 1 158 283 154 122 158 1 
2 1 88 123 73 8 161 8 73 123 88 1 
2 1 158 145 192 53 192 145 158 1 
2 1 88 123 99 144 215 8 73 123 88 1 
2 1 171 49 280 9 45 9 280 49 171 1 
2 1 88 36 132 50 104 50 132 36 88 1 
2 1 171 37 157 97 6 97 157 37 171 1 
2 1 88 36 288 275 51 259 114 33 238 84 123 88 1 
2 1 88 123 73 285 72 153 9 280 49 171 1 
2 1 88 123 73 160 21 160 73 123 88 1 
2 1 171 49 280 244 7 96 7 244 280 49 171 1 
2 1 88 36 288 275 223 67 254 9 280 49 171 1 
2 1 88 123 75 253 75 123 88 1 
2 1 158 283 256 283 158 1 
2 1 171 49 280 155 280 49 171 1 
2 1 88 36 288 275 248 275 288 36 88 1 
2 1 171 49 80 254 9 280 49 171 1 
2 1 171 37 157 97 249 272 103 35 192 145 158 1 
2 1 88 36 288 235 288 36 88 1 
2 1 158 62 250 198 194 8 73 123 88 1 
2 1 88 123 73 160 56 160 73 123 88 1 
2 1 171 49 280 244 48 244 280 49 171 1 
2 1 171 49 120 100 77 15 78 97 157 37 171 1 
2 1 171 49 5 263 292 9 280 49 171 1 
2 1 88 36 288 275 51 242 140 72 153 9 280 49 171 1 
2 1 171 37 157 97 78 15 78 97 157 37 171 1 
2 1 88 36 132 50 102 261 28 300 158 1 
2 1 88 36 288 218 173 218 288 36 88 1 
2 1 158 145 70 145 158 1 
2 1 171 49 270 163 3 157 37 171 1 
2 1 88 123 73 8 260 195 260 8 73 123 88 1 
2 1 88 240 298 296 240 88 1 
2 1 88 123 29 177 19 43 95 73 123 88 1 
2 1 171 37 279 37 171 1 
2 1 171 37 157 97 26 97 157 37 171 1 
2 1 88 36 288 275 51 170 51 275 288 36 88 1 
2 1 87 201 87 1 
2 1 88 36 288 276 60 276 288 36 88 1 
2 1 88 123 99 92 42 92 99 123 88 1 
2 1 88 36 288 275 51 65 106 23 106 288 36 88 1 
2 1 158 145 269 145 158 1 
2 1 88 123 99 92 251 92 99 123 88 1 
2 1 88 123 84 238 33 245 33 238 84 123 88 1 
2 1 171 37 277 37 171 1 
2 1 88 36 288 295 239 262 36 88 1 
2 1 158 145 135 14 135 145 158 1 
2 1 171 37 157 3 299 184 154 122 158 1 
2 1 158 122 193 22 81 54 223 275 288 36 88 1 
2 1 88 36 288 275 223 290 273 290 223 275 288 36 88 1 
2 1 88 240 10 12 10 240 88 1 
2 1 88 240 10 291 206 291 10 240 88 1 
2 1 88 240 68 234 68 240 88 1 
2 1 158 283 256 257 256 283 158 1 
2 1 171 49 280 208 280 49 171 1 
2 1 171 49 136 49 171 1 
2 1 88 123 84 238 188 238 84 123 88 1 
2 1 88 123 73 95 43 95 73 123 88 1 
2 1 158 231 40 199 40 231 158 1 
2 1 158 231 124 231 158 1 
2 1 88 123 73 285 31 285 73 123 88 1 
2 1 88 123 73 160 21 264 21 160 73 123 88 1 
2 1 88 36 152 36 88 1 
2 1 158 122 202 122 158 1 
2 1 171 127 174 127 171 1 
2 1 88 123 73 160 56 119 56 160 73 123 88 1 
2 1 88 123 73 8 194 143 180 21 160 73 123 88 1 
2 1 171 37 157 97 78 15 274 15 78 97 157 37 171 1 
2 1 88 123 73 8 194 247 74 247 194 8 73 123 88 1 
2 1 88 123 73 8 194 169 194 8 73 123 88 1 
2 1 158 145 192 53 246 287 246 53 192 145 158 1 
2 1 171 151 109 101 222 101 109 151 171 1 
2 1 88 123 73 8 59 8 73 123 88 1 
2 1 171 127 98 127 171 1 
2 1 171 49 280 9 153 72 39 46 145 158 1 
2 1 158 283 256 69 220 292 9 280 49 171 1 
2 1 88 123 73 160 56 159 56 160 73 123 88 1 
2 1 88 123 99 92 24 92 99 123 88 1 
2 1 171 49 280 271 118 271 280 49 171 1 
2 1 88 36 288 183 288 36 88 1 
2 1 158 145 297 145 158 1 
2 1 88 123 73 8 161 115 161 8 73 123 88 1 
2 1 88 36 132 214 132 36 88 1 
2 1 87 137 87 1 
2 1 88 123 73 8 194 247 66 105 207 89 53 192 145 158 1 
2 1 88 123 73 8 194 247 147 247 194 8 73 123 88 1 
2 1 88 123 73 160 56 129 205 129 56 160 73 123 88 1 
2 1 158 145 70 133 70 145 158 1 
2 1 171 49 280 9 153 191 30 191 153 9 280 49 171 1 
2 1 32 216 32 1 
2 1 88 123 73 8 194 247 226 247 194 8 73 123 88 1 
2 1 158 122 193 22 52 22 193 122 158 1 
2 1 171 49 280 271 27 110 27 271 280 49 171 1 
2 1 88 123 73 95 43 83 43 95 73 123 88 1 
2 1 158 300 71 300 158 1 
2 1 87 201 177 209 177 201 87 1 
2 1 88 36 288 275 223 54 128 54 223 275 288 36 88 1 
2 1 158 231 124 139 124 231 158 1 
2 1 171 127 148 127 171 1 
2 1 171 49 280 208 217 208 280 49 171 1 
2 1 171 37 157 16 178 16 157 37 171 1 
2 1 88 123 84 238 33 121 33 238 84 123 88 1 
2 1 171 49 280 63 41 63 280 49 171 1 
2 1 158 145 192 53 246 287 293 287 246 53 192 145 158 1 
2 1 88 176 237 224 66 247 194 8 73 123 88 1 
2 1 171 49 80 125 80 49 171 1 
2 1 88 123 73 8 161 115 172 115 161 8 73 123 88 1 
2 1 88 36 288 275 223 290 284 290 223 275 288 36 88 1 
2 1 171 49 280 9 153 72 39 131 39 72 153 9 280 49 171 1 
2 1 88 123 84 232 85 146 210 287 246 53 192 145 158 1 
2 1 88 240 68 234 230 204 161 8 73 123 88 1 
2 1 88 36 288 235 190 235 288 36 88 1 
2 1 88 123 73 285 31 228 31 285 73 123 88 1 
2 1 88 123 75 57 75 123 88 1 
2 1 88 176 237 55 237 176 88 1 
2 1 158 145 192 53 289 53 192 145 158 1 
2 1 88 123 73 8 116 149 116 8 73 123 88 1 
2 1 88 36 132 50 104 168 104 50 132 36 88 1 
2 1 88 240 10 291 112 291 10 240 88 1 
2 1 88 123 73 8 194 198 250 255 250 198 194 8 73 123 88 1 
2 1 158 122 202 134 202 122 158 1 
2 1 88 36 132 142 132 36 88 1 
2 1 158 122 202 79 202 122 158 1 
2 1 88 176 237 55 93 55 237 176 88 1 
2 1 32 268 58 20 108 259 51 275 288 36 88 1 
2 1 88 123 182 227 266 227 182 123 88 1 
2 1 171 49 280 9 153 196 153 9 280 49 171 1 
2 1 88 123 73 8 194 169 221 169 194 8 73 123 88 1 
2 1 171 127 148 156 148 127 171 1 
2 1 158 145 192 53 246 287 210 141 210 287 246 53 192 145 158 1 
2 1 88 36 262 241 262 36 88 1 
2 1 88 123 73 8 194 198 250 229 250 198 194 8 73 123 88 1 
2 1 88 240 68 234 94 234 68 240 88 1 
2 1 88 240 10 291 206 138 206 291 10 240 88 1 
2 1 88 123 73 8 194 247 66 181 13 181 66 247 194 8 73 123 88 1 
2 1 87 201 167 201 87 1 
2 1 158 300 71 86 71 300 158 1 
2 1 88 36 288 235 278 235 288 36 88 1 
2 1 171 127 148 156 165 156 148 127 171 1 
2 1 158 145 70 133 233 133 70 145 158 1 
2 1 88 123 73 8 194 282 194 8 73 123 88 1 
2 1 158 145 192 53 89 162 189 162 89 53 192 145 158 1 
2 1 88 123 73 285 44 285 73 123 88 1 
2 1 171 49 280 9 153 196 82 196 153 9 280 49 171 1 
2 1 88 36 288 183 212 183 288 36 88 1 
2 1 171 37 157 97 26 64 26 97 157 37 171 1 
2 1 158 62 2 62 158 1 
2 1 158 300 71 267 71 300 158 1 
2 1 32 268 58 236 76 236 58 268 32 1 
2 1 171 49 280 9 213 25 213 9 280 49 171 1 
2 1 171 37 157 97 78 15 274 186 274 15 78 97 157 37 171 1 
2 1 88 36 288 276 60 17 60 276 288 36 88 1 
2 1 88 36 288 235 190 11 190 235 288 36 88 1 
2 1 88 123 73 8 194 247 66 181 13 197 13 181 66 247 194 8 73 123 88 1 
3 1 171 1 
3 1 88 176 237 176 88 1 
3 1 171 37 157 37 171 1 
3 1 88 123 84 275 288 36 88 1 
3 1 158 145 135 290 223 275 288 36 88 1 
3 1 171 49 5 49 171 1 
3 1 88 123 73 8 73 123 88 1 
3 1 171 37 157 97 113 97 157 37 171 1 
3 1 88 240 10 240 88 1 
3 1 88 36 88 1 
3 1 171 49 280 244 18 244 280 49 171 1 
3 1 32 1 
3 1 88 123 84 238 33 238 84 123 88 1 
3 1 88 36 288 91 288 36 88 1 
3 1 171 151 109 151 171 1 
3 1 87 111 87 1 
3 1 171 127 171 1 
3 1 88 36 288 275 51 259 114 33 238 84 123 88 1 
3 1 171 49 280 187 246 119 50 202 122 158 1 
3 1 88 36 132 142 162 89 53 192 145 158 1 
3 1 88 123 73 8 194 265 243 77 15 78 97 157 37 171 1 
3 1 88 123 99 225 56 129 205 68 234 68 240 88 1 
3 1 158 231 219 172 115 161 8 73 123 88 1 
3 1 171 49 280 9 254 9 280 49 171 1 
3 1 158 300 201 87 1 
3 1 88 123 73 8 260 258 260 8 73 123 88 1 
3 1 88 123 73 8 194 247 194 8 73 123 88 1 
3 1 32 268 58 268 32 1 
3 1 88 36 288 276 164 203 182 123 88 1 
3 1 88 123 84 232 6 97 157 37 171 1 
3 1 88 123 84 166 57 75 123 88 1 
3 1 158 145 34 160 73 123 88 1 
3 1 171 37 157 97 117 198 78 97 157 37 171 1 
3 1 88 36 262 36 88 1 
3 1 158 145 192 35 192 145 158 1 
3 1 158 122 193 22 193 122 158 1 
3 1 171 49 280 63 280 49 171 1 
3 1 171 49 61 49 171 1 
3 1 88 123 182 14 135 145 158 1 
3 1 158 145 294 145 158 1 
3 1 88 123 99 92 99 123 88 1 
3 1 171 49 280 271 280 49 171 1 
3 1 88 36 200 72 153 9 280 49 171 1 
3 1 158 283 256 59 8 73 123 88 1 
3 1 88 123 73 8 161 295 288 36 88 1 
3 1 158 145 192 53 192 145 158 1 
3 1 88 123 99 144 285 31 285 73 123 88 1 
3 1 171 49 280 9 45 175 218 173 218 288 36 88 1 
3 1 88 36 132 50 104 252 104 50 132 36 88 1 
3 1 87 107 27 271 280 49 171 1 
3 1 158 231 40 231 158 1 
3 1 88 123 73 160 21 286 275 288 36 88 1 
3 1 171 49 280 244 7 244 280 49 171 1 
3 1 88 36 288 275 223 296 298 240 88 1 
3 1 171 49 280 155 131 39 72 153 9 280 49 171 1 
3 1 171 49 280 9 213 9 280 49 171 1 
3 1 88 36 288 275 248 275 288 36 88 1 
3 1 171 49 80 49 171 1 
3 1 171 37 157 97 249 210 146 85 232 84 123 88 1 
3 1 88 36 288 235 190 11 190 235 288 36 88 1 
3 1 158 62 2 140 90 92 99 123 88 1 
3 1 171 49 280 244 48 244 280 49 171 1 
3 1 171 49 120 269 293 287 246 53 192 145 158 1 
3 1 171 49 5 263 5 49 171 1 
3 1 88 36 288 275 51 242 60 66 247 194 8 73 123 88 1 
3 1 171 37 157 97 78 15 78 97 157 37 171 1 
3 1 88 36 132 50 102 50 132 36 88 1 
3 1 158 145 70 145 158 1 
3 1 171 49 270 211 226 247 194 8 73 123 88 1 
3 1 88 123 73 8 260 195 260 8 73 123 88 1 
3 1 171 37 157 97 78 15 77 15 78 97 157 37 171 1 
3 1 88 123 29 250 198 194 8 73 123 88 1 
3 1 171 37 157 16 157 37 171 1 
3 1 171 37 279 112 291 10 240 88 1 
3 1 171 37 157 97 26 64 26 97 157 37 171 1 
3 1 88 36 288 275 51 170 46 4 93 55 237 176 88 1 
3 1 158 145 192 53 89 207 85 232 84 123 88 1 
3 1 171 37 157 3 163 50 132 36 88 1 
3 1 88 36 288 100 288 36 88 1 
3 1 88 123 73 8 215 8 73 123 88 1 
3 1 88 123 99 92 42 92 99 123 88 1 
3 1 88 36 288 275 51 65 106 23 106 288 36 88 1 
3 1 171 49 280 9 153 191 153 9 280 49 171 1 
3 1 88 123 99 92 251 92 99 123 88 1 
3 1 88 123 84 238 33 245 143 194 8 73 123 88 1 
3 1 158 122 154 184 154 122 158 1 
3 1 88 123 73 95 133 70 145 158 1 
3 1 171 37 277 37 171 1 
3 1 171 49 280 9 292 197 13 181 66 247 194 8 73 123 88 1 
3 1 171 151 47 151 171 1 
3 1 171 37 157 3 299 3 157 37 171 1 
3 1 88 240 10 12 10 240 88 1 
3 1 171 49 280 187 185 212 183 288 36 88 1 
3 1 158 283 256 257 256 283 158 1 
3 1 171 49 280 208 79 202 122 158 1 
3 1 171 49 136 49 171 1 
3 1 88 123 84 238 188 238 84 123 88 1 
3 1 88 123 73 95 43 95 73 123 88 1 
3 1 158 231 40 199 40 231 158 1 
3 1 158 231 124 231 158 1 
3 1 88 123 73 160 21 264 21 160 73 123 88 1 
3 1 87 201 177 19 43 95 73 123 88 1 
3 1 88 36 152 36 88 1 
3 1 88 36 288 275 223 54 81 54 223 275 288 36 88 1 
3 1 171 127 174 236 224 66 247 194 8 73 123 88 1 
3 1 88 36 288 275 223 290 273 290 223 275 288 36 88 1 
3 1 171 37 157 97 78 15 274 15 78 97 157 37 171 1 
3 1 88 123 73 8 194 247 74 247 194 8 73 123 88 1 
3 1 171 151 47 179 47 151 171 1 
3 1 88 123 73 8 194 169 194 8 73 123 88 1 
3 1 158 145 192 53 246 287 128 54 223 275 288 36 88 1 
3 1 171 151 109 101 134 202 122 158 1 
3 1 88 36 132 50 102 261 102 50 132 36 88 1 
3 1 171 127 98 127 171 1 
3 1 171 49 280 9 153 72 39 267 71 300 158 1 
3 1 158 283 256 69 256 283 158 1 
3 1 88 123 73 160 56 159 56 160 73 123 88 1 
3 1 88 123 182 203 182 123 88 1 
3 1 88 123 99 92 24 92 99 123 88 1 
3 1 171 49 280 271 118 271 280 49 171 1 
3 1 88 36 288 183 288 36 88 1 
3 1 158 145 297 145 158 1 
3 1 88 36 288 91 281 91 288 36 88 1 
3 1 88 123 73 8 161 115 161 8 73 123 88 1 
3 1 88 36 132 214 132 36 88 1 
3 1 158 300 28 300 158 1 
3 1 87 137 87 1 
3 1 88 123 73 8 194 247 66 105 66 247 194 8 73 123 88 1 
3 1 88 123 73 8 194 247 147 247 194 8 73 123 88 1 
3 1 88 36 262 239 262 36 88 1 
3 1 32 216 32 1 
3 1 158 122 193 22 52 22 193 122 158 1 
3 1 88 123 182 227 266 289 53 192 145 158 1 
3 1 171 49 280 271 27 110 27 271 280 49 171 1 
3 1 88 123 73 95 43 83 209 177 201 87 1 
3 1 158 300 71 300 158 1 
3 1 158 231 124 139 124 231 158 1 
3 1 171 127 148 156 148 127 171 1 
3 1 171 49 280 208 217 208 280 49 171 1 
3 1 171 37 157 16 178 16 157 37 171 1 
3 1 88 123 84 238 33 121 33 238 84 123 88 1 
3 1 171 49 280 63 41 63 280 49 171 1 
3 1 171 49 280 9 292 220 292 9 280 49 171 1 
3 1 171 49 80 125 80 49 171 1 
3 1 171 49 280 9 45 126 45 9 280 49 171 1 
3 1 88 36 288 275 223 290 284 290 223 275 288 36 88 1 
3 1 88 123 73 8 194 247 66 181 13 181 66 247 194 8 73 123 88 1 
3 1 88 240 68 234 230 204 161 8 73 123 88 1 
3 1 88 123 73 285 31 228 31 285 73 123 88 1 
3 1 88 123 73 160 21 180 21 160 73 123 88 1 
3 1 88 176 237 55 237 176 88 1 
3 1 88 123 73 8 194 143 272 67 254 9 280 49 171 1 
3 1 88 123 73 8 116 149 116 8 73 123 88 1 
3 1 88 36 132 50 104 168 104 50 132 36 88 1 
3 1 88 123 73 8 194 198 250 255 250 198 194 8 73 123 88 1 
3 1 171 49 280 9 213 130 213 9 280 49 171 1 
3 1 32 268 58 20 108 259 51 275 288 36 88 1 
3 1 88 240 10 291 206 291 10 240 88 1 
3 1 171 49 280 9 213 38 213 9 280 49 171 1 
3 1 171 49 280 9 153 196 82 196 153 9 280 49 171 1 
3 1 88 123 73 8 194 169 221 169 194 8 73 123 88 1 
3 1 171 151 109 101 222 101 109 151 171 1 
3 1 171 49 280 244 7 96 7 244 280 49 171 1 
3 1 158 145 192 53 246 287 210 141 210 287 246 53 192 145 158 1 
3 1 88 36 262 241 262 36 88 1 
3 1 88 123 73 8 194 198 250 229 250 198 194 8 73 123 88 1 
3 1 88 240 68 234 94 234 68 240 88 1 
3 1 88 240 10 291 206 138 206 291 10 240 88 1 
3 1 87 201 167 201 87 1 
3 1 158 300 71 86 71 300 158 1 
3 1 88 36 288 235 278 235 288 36 88 1 
3 1 88 240 68 150 68 240 88 1 
3 1 88 123 75 253 75 123 88 1 
3 1 171 127 148 156 165 156 148 127 171 1 
3 1 158 145 70 133 233 133 70 145 158 1 
3 1 88 123 73 8 194 282 194 8 73 123 88 1 
3 1 158 145 192 53 89 162 189 162 89 53 192 145 158 1 
3 1 88 123 73 285 44 285 73 123 88 1 
3 1 171 49 280 9 153 191 30 191 153 9 280 49 171 1 
3 1 32 268 58 236 76 236 58 268 32 1 
3 1 88 123 73 8 194 143 272 103 272 143 194 8 73 123 88 1 
3 1 171 49 280 9 213 25 213 9 280 49 171 1 
3 1 171 37 157 97 78 15 274 186 274 15 78 97 157 37 171 1 
3 1 88 36 288 276 60 17 60 276 288 36 88 1 
