1 1 268 164 210 98 116 186 237 6 83 1 
1 1 60 9 80 81 27 35 249 27 1 
1 1 11 279 125 111 202 149 27 1 
1 1 268 22 247 141 153 169 206 30 258 286 81 1 
1 1 241 113 52 227 1 
1 1 27 149 137 69 198 1 
1 1 18 249 97 208 14 1 
1 1 34 134 206 44 1 
1 1 73 12 97 27 1 
1 1 101 59 198 1 
1 1 37 165 67 240 259 1 
1 1 268 22 113 281 9 60 1 
1 1 11 122 143 158 107 271 1 
1 1 34 235 48 198 1 
1 1 27 200 258 54 252 198 1 
1 1 81 171 214 37 1 
1 1 84 276 22 268 1 
1 1 27 175 211 296 27 1 
1 1 245 1 
1 1 60 231 60 1 
1 1 198 160 31 157 17 1 
1 1 37 244 148 126 81 1 
1 1 98 242 130 201 81 1 
1 1 127 221 295 171 81 1 
1 1 60 118 60 1 
1 1 18 50 41 63 144 232 1 
1 1 268 22 276 90 129 136 1 
1 1 18 103 289 44 1 
1 1 27 149 145 149 27 1 
1 1 189 1 
1 1 42 188 23 239 119 44 1 
1 1 37 214 125 167 61 42 1 
1 1 60 280 187 160 245 1 
1 1 139 283 44 1 
1 1 271 25 272 152 149 27 1 
1 1 98 242 131 182 1 
1 1 27 149 147 114 117 198 1 
1 1 293 65 165 37 1 
1 1 11 256 11 1 
1 1 27 149 137 64 28 245 1 
1 1 81 126 220 215 81 1 
1 1 27 97 284 297 4 286 81 1 
1 1 37 165 65 51 65 165 37 1 
1 1 98 242 33 242 98 1 
1 1 27 248 249 27 1 
1 1 245 151 24 192 245 1 
1 1 198 273 79 40 1 
1 1 189 94 243 120 225 43 1 
1 1 27 149 152 149 27 1 
1 1 81 74 3 74 81 1 
1 1 245 138 1 
1 1 16 136 1 
1 1 198 252 198 1 
1 1 37 199 246 37 1 
1 1 298 72 81 1 
1 1 270 1 
1 1 81 286 146 108 143 286 81 1 
1 1 198 219 198 1 
1 1 259 277 1 
1 1 27 97 284 234 261 254 239 119 44 1 
1 1 168 161 156 192 245 1 
1 1 245 192 115 91 149 27 1 
1 1 81 171 255 266 245 1 
1 1 81 126 278 77 289 44 1 
1 1 271 184 88 176 182 1 
1 1 17 1 
1 1 189 94 243 105 82 189 1 
1 1 245 192 250 172 59 198 1 
1 1 11 122 86 122 11 1 
1 1 11 121 11 1 
1 1 37 209 262 166 148 126 81 1 
1 1 81 126 135 4 191 218 1 
1 1 259 216 259 1 
1 1 100 267 46 189 1 
1 1 168 229 66 106 256 11 1 
1 1 27 149 137 123 292 76 182 1 
1 1 27 97 12 132 185 168 1 
1 1 93 1 
1 1 16 300 76 182 1 
1 1 16 183 140 119 44 1 
1 1 85 112 277 1 
1 1 70 13 286 81 1 
1 1 271 170 138 1 
1 1 271 107 271 1 
1 1 245 154 245 1 
1 1 27 97 226 97 27 1 
1 1 27 149 49 217 117 198 1 
1 1 37 32 128 171 81 1 
1 1 37 246 213 173 83 1 
1 1 44 119 44 1 
1 1 37 214 125 8 125 214 37 1 
1 1 40 1 
1 1 81 171 181 171 81 1 
1 1 245 160 187 124 5 192 245 1 
1 1 16 20 16 1 
1 1 245 192 156 192 245 1 
1 1 271 15 269 14 1 
1 1 232 1 
1 1 11 121 288 102 59 198 1 
1 1 189 46 189 1 
1 1 189 82 78 81 1 
1 1 127 228 190 1 
1 1 81 126 148 166 71 11 1 
1 1 127 221 162 221 127 1 
1 1 189 82 291 82 189 1 
1 1 212 56 31 81 1 
1 1 27 296 99 104 1 
1 1 81 171 255 203 255 171 81 1 
1 1 271 174 47 259 1 
1 1 245 160 197 160 245 1 
1 1 81 171 295 204 295 171 81 1 
1 1 11 121 10 239 119 44 1 
1 1 212 58 212 1 
1 1 127 221 162 224 162 221 127 1 
1 1 60 53 60 1 
1 1 212 233 282 14 1 
1 1 14 180 14 1 
1 1 81 171 255 203 29 203 255 171 81 1 
1 1 245 160 197 193 197 160 245 1 
1 1 245 290 245 1 
1 1 27 149 152 299 26 76 182 1 
1 1 218 1 
1 1 27 149 91 149 27 1 
1 1 198 59 163 59 198 1 
1 1 81 201 81 1 
1 1 136 155 136 1 
1 1 44 57 44 1 
1 1 81 171 220 2 7 57 44 1 
1 1 44 45 44 1 
1 1 182 92 182 1 
1 1 136 236 136 1 
1 1 27 149 264 149 27 1 
1 1 17 88 75 88 17 1 
1 1 182 76 274 76 182 1 
1 1 27 149 49 89 49 149 27 1 
1 1 83 1 
1 1 245 192 62 192 245 1 
1 1 198 59 102 257 36 289 44 1 
1 1 198 59 238 59 198 1 
1 1 14 269 225 269 14 1 
1 1 81 286 146 253 146 286 81 1 
1 1 44 57 142 57 44 1 
1 1 198 59 163 19 194 64 137 149 27 1 
1 1 44 289 222 289 44 1 
1 1 27 149 152 275 230 14 1 
1 1 245 28 251 28 245 1 
1 1 182 76 26 178 26 76 182 1 
1 1 182 68 182 1 
1 1 27 196 195 1 
1 1 81 25 38 25 81 1 
1 1 27 149 49 89 39 89 49 149 27 1 
1 1 271 87 271 1 
1 1 232 133 232 1 
1 1 232 144 232 1 
1 1 40 223 40 1 
1 1 81 286 143 55 143 286 81 1 
1 1 245 3 96 3 245 1 
1 1 198 273 294 273 198 1 
1 1 136 129 265 129 136 1 
1 1 81 286 258 177 258 286 81 1 
1 1 198 263 198 1 
1 1 27 149 152 272 159 272 152 149 27 1 
1 1 44 289 36 207 36 289 44 1 
1 1 109 1 
1 1 83 285 83 1 
1 1 245 160 110 160 245 1 
1 1 40 179 40 1 
1 1 83 6 260 6 83 1 
1 1 198 252 150 252 198 1 
1 1 81 286 143 108 287 108 143 286 81 1 
1 1 83 285 95 285 83 1 
1 1 81 286 143 21 143 286 81 1 
1 1 245 192 205 192 245 1 
2 1 268 22 235 11 73 60 1 
2 1 11 245 1 
2 1 27 149 137 103 229 168 1 
2 1 241 18 139 197 160 245 1 
2 1 34 121 11 1 
2 1 101 164 118 227 1 
2 1 60 9 80 244 189 105 47 259 1 
2 1 81 1 
2 1 268 22 247 147 273 198 1 
2 1 37 98 270 224 162 221 127 1 
2 1 279 175 27 1 
2 1 268 22 113 84 211 27 1 
2 1 11 122 11 1 
2 1 37 165 37 1 
2 1 27 200 160 12 187 179 40 1 
2 1 81 171 25 81 1 
2 1 268 22 52 141 28 245 1 
2 1 60 9 281 114 128 171 81 1 
2 1 37 214 37 1 
2 1 60 231 131 55 143 286 81 1 
2 1 268 22 276 74 95 285 83 1 
2 1 198 243 263 198 1 
2 1 27 111 27 1 
2 1 101 210 17 1 
2 1 98 242 199 61 42 1 
2 1 27 249 27 1 
2 1 127 67 127 1 
2 1 37 214 125 167 255 171 81 1 
2 1 18 50 183 223 40 1 
2 1 268 22 276 90 94 189 1 
2 1 27 149 145 192 245 1 
2 1 27 249 35 249 27 1 
2 1 42 66 16 1 
2 1 60 280 115 91 149 27 1 
2 1 27 97 27 1 
2 1 271 148 46 189 1 
2 1 293 58 212 1 
2 1 11 256 135 126 81 1 
2 1 37 165 65 51 65 165 37 1 
2 1 18 103 283 16 1 
2 1 34 235 186 235 34 1 
2 1 153 64 137 149 27 1 
2 1 81 126 298 1 
2 1 27 97 284 76 182 1 
2 1 98 242 33 188 275 152 149 27 1 
2 1 27 248 93 274 207 36 289 44 1 
2 1 245 151 170 138 1 
2 1 127 221 213 253 146 286 81 1 
2 1 27 149 152 117 198 1 
2 1 60 9 281 116 259 177 258 286 81 1 
2 1 198 48 198 1 
2 1 245 138 1 
2 1 198 252 208 176 182 1 
2 1 16 41 123 191 218 1 
2 1 241 169 289 44 1 
2 1 81 286 143 108 63 13 1 
2 1 81 171 220 59 198 1 
2 1 81 31 146 53 60 1 
2 1 198 219 124 187 160 245 1 
2 1 27 97 284 234 1 
2 1 37 246 37 1 
2 1 168 1 
2 1 168 261 206 44 1 
2 1 81 126 278 285 83 1 
2 1 271 184 271 1 
2 1 81 72 81 1 
2 1 81 286 258 286 81 1 
2 1 245 192 250 272 152 149 27 1 
2 1 11 122 86 122 11 1 
2 1 37 209 259 1 
2 1 259 216 70 1 
2 1 100 1 
2 1 27 97 12 132 12 97 27 1 
2 1 16 300 134 206 44 1 
2 1 44 119 44 1 
2 1 198 69 265 129 136 1 
2 1 85 1 
2 1 81 286 4 286 81 1 
2 1 271 107 166 148 126 81 1 
2 1 245 154 245 1 
2 1 277 82 189 1 
2 1 27 97 226 97 27 1 
2 1 168 185 168 1 
2 1 27 149 49 40 1 
2 1 182 299 152 149 27 1 
2 1 37 32 37 1 
2 1 14 296 27 1 
2 1 37 214 125 8 125 214 37 1 
2 1 81 171 181 291 82 189 1 
2 1 16 20 129 136 1 
2 1 245 192 156 161 156 192 245 1 
2 1 259 240 259 1 
2 1 271 15 217 117 198 1 
2 1 232 1 
2 1 17 88 17 1 
2 1 11 121 288 62 192 245 1 
2 1 81 171 295 204 295 171 81 1 
2 1 245 192 24 196 27 1 
2 1 127 228 162 221 127 1 
2 1 277 112 277 1 
2 1 14 269 5 192 245 1 
2 1 81 78 81 1 
2 1 198 252 54 252 198 1 
2 1 212 203 255 171 81 1 
2 1 136 194 64 137 149 27 1 
2 1 27 296 99 143 286 81 1 
2 1 189 46 267 46 189 1 
2 1 271 174 29 203 255 171 81 1 
2 1 11 121 10 225 269 14 1 
2 1 212 233 212 1 
2 1 14 180 108 143 286 81 1 
2 1 81 286 4 297 195 1 
2 1 81 31 56 130 201 81 1 
2 1 245 160 197 193 163 59 198 1 
2 1 245 290 245 1 
2 1 218 1 
2 1 27 149 91 7 57 44 1 
2 1 182 76 26 76 182 1 
2 1 81 201 81 1 
2 1 136 155 136 1 
2 1 44 57 44 1 
2 1 44 119 140 173 83 1 
2 1 81 171 220 2 260 6 83 1 
2 1 81 126 148 166 262 166 148 126 81 1 
2 1 44 119 239 119 44 1 
2 1 198 59 43 149 27 1 
2 1 44 45 44 1 
2 1 198 59 102 59 198 1 
2 1 182 92 182 1 
2 1 136 236 79 40 1 
2 1 27 149 264 6 83 1 
2 1 17 88 75 87 271 1 
2 1 27 149 49 89 49 149 27 1 
2 1 83 1 
2 1 182 76 292 76 182 1 
2 1 198 59 102 257 238 59 198 1 
2 1 245 3 245 1 
2 1 198 59 172 59 198 1 
2 1 44 57 142 57 44 1 
2 1 198 59 163 19 163 59 198 1 
2 1 44 289 222 289 44 1 
2 1 190 1 
2 1 44 119 239 23 239 119 44 1 
2 1 44 289 77 289 44 1 
2 1 17 157 17 1 
2 1 245 28 251 28 245 1 
2 1 182 76 26 178 26 76 182 1 
2 1 182 68 182 1 
2 1 81 25 38 120 55 143 286 81 1 
2 1 27 149 49 89 39 89 49 149 27 1 
2 1 245 154 202 149 27 1 
2 1 104 1 
2 1 232 133 232 1 
2 1 232 144 232 1 
2 1 182 92 237 92 182 1 
2 1 44 289 36 289 44 1 
2 1 190 30 190 1 
2 1 245 3 96 3 245 1 
2 1 198 273 294 273 198 1 
2 1 245 266 245 1 
2 1 81 215 81 1 
2 1 11 71 11 1 
2 1 14 230 14 1 
2 1 27 149 152 272 159 272 152 149 27 1 
2 1 14 282 14 1 
2 1 109 1 
2 1 44 119 239 254 239 119 44 1 
2 1 245 160 110 160 245 1 
2 1 198 252 150 252 198 1 
2 1 81 286 143 108 287 108 143 286 81 1 
2 1 11 256 106 256 11 1 
2 1 81 286 143 21 143 286 81 1 
2 1 271 107 158 107 271 1 
2 1 245 192 205 192 245 1 
3 1 268 241 67 214 259 245 1 
3 1 60 9 80 72 81 1 
3 1 11 101 164 186 41 16 1 
3 1 27 200 175 27 1 
3 1 268 22 31 192 154 261 168 1 
3 1 27 149 137 16 1 
3 1 18 1 
3 1 34 234 1 
3 1 73 86 122 11 1 
3 1 81 295 171 81 1 
3 1 268 22 247 218 133 232 1 
3 1 227 1 
3 1 37 165 127 1 
3 1 279 51 65 165 37 1 
3 1 268 22 113 50 26 76 182 1 
3 1 11 122 281 250 192 245 1 
3 1 34 235 103 129 136 1 
3 1 81 171 126 135 126 81 1 
3 1 268 22 52 280 60 1 
3 1 98 3 74 81 1 
3 1 84 244 291 82 189 1 
3 1 60 231 65 33 242 98 1 
3 1 268 22 276 22 268 1 
3 1 198 160 245 1 
3 1 27 111 283 103 18 1 
3 1 101 210 116 209 53 60 1 
3 1 98 242 199 37 1 
3 1 27 249 163 59 198 1 
3 1 37 214 125 188 10 121 11 1 
3 1 60 118 42 277 1 
3 1 268 22 276 90 151 245 1 
3 1 27 149 145 97 155 136 1 
3 1 27 249 35 249 27 1 
3 1 189 94 189 1 
3 1 37 214 125 167 201 81 1 
3 1 27 211 114 226 97 27 1 
3 1 139 93 1 
3 1 271 220 171 81 1 
3 1 98 242 131 47 259 1 
3 1 27 149 147 273 258 286 81 1 
3 1 293 98 1 
3 1 11 256 48 198 1 
3 1 81 25 81 1 
3 1 153 69 198 1 
3 1 27 149 137 64 152 149 27 1 
3 1 27 97 284 252 198 1 
3 1 34 141 292 76 182 1 
3 1 81 126 148 270 1 
3 1 27 248 261 272 152 149 27 1 
3 1 127 221 240 259 1 
3 1 27 97 12 124 187 160 245 1 
3 1 81 74 217 117 198 1 
3 1 245 138 63 144 232 1 
3 1 298 246 120 55 143 286 81 1 
3 1 241 169 57 44 1 
3 1 81 286 81 1 
3 1 198 219 110 160 245 1 
3 1 168 1 
3 1 81 171 255 85 253 146 286 81 1 
3 1 198 117 198 1 
3 1 81 126 278 83 1 
3 1 271 184 271 1 
3 1 17 24 192 245 1 
3 1 189 94 243 94 189 1 
3 1 11 121 297 4 286 81 1 
3 1 259 216 70 203 255 171 81 1 
3 1 81 286 146 107 271 1 
3 1 100 233 212 1 
3 1 168 229 161 156 192 245 1 
3 1 27 149 137 123 39 89 49 149 27 1 
3 1 27 97 12 132 115 91 149 27 1 
3 1 42 61 42 1 
3 1 16 300 45 44 1 
3 1 44 20 16 1 
3 1 16 183 16 1 
3 1 245 160 187 172 59 198 1 
3 1 81 286 4 179 40 1 
3 1 271 170 269 14 1 
3 1 27 149 66 49 149 27 1 
3 1 168 185 197 160 245 1 
3 1 44 206 44 1 
3 1 182 299 152 149 27 1 
3 1 37 32 162 221 127 1 
3 1 27 97 208 136 1 
3 1 37 246 213 104 1 
3 1 44 119 44 1 
3 1 14 1 
3 1 37 214 125 8 204 295 171 81 1 
3 1 40 290 251 28 245 1 
3 1 81 171 181 75 36 289 44 1 
3 1 44 206 134 89 49 149 27 1 
3 1 245 192 156 192 245 1 
3 1 271 15 96 3 245 1 
3 1 232 282 14 1 
3 1 17 88 262 166 148 126 81 1 
3 1 11 121 288 121 11 1 
3 1 189 46 189 1 
3 1 189 82 180 14 1 
3 1 198 59 198 1 
3 1 127 228 230 222 289 44 1 
3 1 182 76 77 289 44 1 
3 1 81 126 148 166 58 212 1 
3 1 27 296 27 1 
3 1 277 112 294 273 198 1 
3 1 81 78 13 286 81 1 
3 1 198 252 54 252 198 1 
3 1 212 254 239 119 44 1 
3 1 27 296 99 68 182 1 
3 1 245 154 202 194 1 
3 1 189 46 267 196 27 1 
3 1 271 174 19 163 59 198 1 
3 1 127 221 162 224 162 221 127 1 
3 1 189 82 105 205 192 245 1 
3 1 81 171 255 203 29 203 255 171 81 1 
3 1 81 31 56 285 83 1 
3 1 245 160 197 193 197 160 245 1 
3 1 27 149 91 23 239 119 44 1 
3 1 44 289 266 245 1 
3 1 27 149 137 64 176 265 129 136 1 
3 1 44 119 140 119 44 1 
3 1 81 171 220 2 220 171 81 1 
3 1 44 119 239 119 44 1 
3 1 198 59 43 191 218 1 
3 1 198 59 102 59 198 1 
3 1 182 92 182 1 
3 1 136 236 136 1 
3 1 27 149 264 149 27 1 
3 1 182 76 274 76 182 1 
3 1 245 192 62 215 81 1 
3 1 81 286 143 286 81 1 
3 1 81 201 130 79 40 1 
3 1 198 59 102 257 102 59 198 1 
3 1 198 59 238 59 198 1 
3 1 14 269 225 269 14 1 
3 1 245 28 245 1 
3 1 44 57 142 57 44 1 
3 1 190 1 
3 1 27 149 152 275 152 149 27 1 
3 1 17 157 17 1 
3 1 182 76 26 178 26 76 182 1 
3 1 81 286 143 108 143 286 81 1 
3 1 81 25 38 25 81 1 
3 1 271 87 271 1 
3 1 232 144 232 1 
3 1 182 92 237 287 108 143 286 81 1 
3 1 40 223 40 1 
3 1 83 6 83 1 
3 1 190 30 258 286 81 1 
3 1 81 286 143 55 143 286 81 1 
3 1 81 171 128 1 
3 1 11 71 11 1 
3 1 81 286 258 177 258 286 81 1 
3 1 198 263 198 1 
3 1 27 149 152 272 159 272 152 149 27 1 
3 1 44 289 36 207 36 289 44 1 
3 1 109 1 
3 1 44 57 7 57 44 1 
3 1 195 1 
3 1 83 173 83 1 
3 1 245 192 5 192 245 1 
3 1 83 6 260 6 83 1 
3 1 198 252 150 252 198 1 
3 1 83 285 95 285 83 1 
3 1 11 256 106 256 11 1 
3 1 81 286 143 21 143 286 81 1 
3 1 271 107 158 107 271 1 
