1 1 21 91 100 62 22 79 1 
1 1 82 61 1 
1 1 48 2 26 85 29 14 28 1 
1 1 93 28 1 
1 1 53 11 4 21 1 
1 1 87 71 81 71 74 91 1 
1 1 44 70 79 1 
1 1 96 1 
1 1 53 6 37 36 82 1 
1 1 53 42 77 6 1 
1 1 2 74 80 82 1 
1 1 82 95 3 100 1 
1 1 28 12 43 100 1 
1 1 82 32 54 39 18 1 
1 1 100 72 100 1 
1 1 53 92 50 96 1 
1 1 2 74 31 65 91 1 
1 1 18 1 
1 1 82 45 1 
1 1 13 34 31 74 91 1 
1 1 100 72 84 72 100 1 
1 1 82 36 63 14 28 1 
1 1 18 39 47 82 1 
1 1 82 36 88 94 1 
1 1 2 74 66 74 91 1 
1 1 2 33 97 82 1 
1 1 82 95 7 95 82 1 
1 1 68 1 
1 1 2 33 16 33 2 1 
1 1 44 9 44 1 
1 1 82 36 41 36 82 1 
1 1 53 83 53 1 
1 1 53 78 56 36 82 1 
1 1 2 74 67 66 74 91 1 
1 1 82 55 82 1 
1 1 96 58 96 1 
1 1 73 76 74 91 1 
1 1 68 52 95 82 1 
1 1 82 19 82 1 
1 1 69 1 
1 1 2 74 66 30 66 74 91 1 
1 1 96 58 75 58 96 1 
1 1 28 14 28 1 
1 1 2 74 5 74 91 1 
1 1 2 33 16 46 16 33 2 1 
1 1 82 97 57 97 82 1 
1 1 28 14 10 84 72 100 1 
1 1 91 24 91 1 
1 1 82 36 25 36 82 1 
1 1 2 74 60 74 2 1 
1 1 82 89 82 1 
1 1 28 14 64 14 28 1 
1 1 82 36 37 40 37 36 82 1 
1 1 28 14 59 14 28 1 
1 1 28 14 35 23 74 91 1 
1 1 27 1 
1 1 91 24 20 24 91 1 
1 1 15 1 
1 1 68 98 97 82 1 
1 1 38 1 
1 1 13 90 13 1 
1 1 82 89 17 89 82 1 
1 1 82 99 82 1 
1 1 68 56 86 56 68 1 
1 1 91 49 8 1 
1 1 79 51 79 1 
2 1 21 82 53 92 7 78 41 36 82 1 
2 1 48 87 28 71 74 91 1 
2 1 93 70 18 1 
2 1 61 1 
2 1 91 2 47 82 1 
2 1 44 80 82 1 
2 1 96 32 82 1 
2 1 53 6 4 21 1 
2 1 100 12 33 74 91 1 
2 1 53 42 39 18 1 
2 1 2 74 67 66 74 91 1 
2 1 26 59 14 28 1 
2 1 82 95 31 74 91 1 
2 1 82 11 95 82 1 
2 1 100 72 46 31 74 91 1 
2 1 53 6 77 62 18 1 
2 1 82 45 73 19 82 1 
2 1 13 1 
2 1 100 72 84 72 100 1 
2 1 53 6 77 50 96 1 
2 1 82 36 82 1 
2 1 82 36 88 89 82 1 
2 1 2 74 66 5 74 91 1 
2 1 68 94 49 8 20 1 
2 1 2 33 16 23 74 91 1 
2 1 44 9 3 100 1 
2 1 82 36 41 36 82 1 
2 1 53 83 18 1 
2 1 28 85 29 14 28 1 
2 1 82 55 57 97 82 1 
2 1 96 58 75 58 96 1 
2 1 91 65 8 76 74 91 1 
2 1 2 81 71 74 91 1 
2 1 68 52 68 1 
2 1 69 25 36 82 1 
2 1 2 74 66 30 66 74 91 1 
2 1 28 14 38 1 
2 1 68 56 40 37 36 82 1 
2 1 18 39 54 98 22 79 1 
2 1 100 43 100 1 
2 1 82 97 86 56 36 82 1 
2 1 28 14 10 84 72 100 1 
2 1 82 36 37 36 82 1 
2 1 91 24 91 1 
2 1 79 17 89 82 1 
2 1 2 74 60 74 91 1 
2 1 28 14 64 14 28 1 
2 1 2 74 31 34 90 13 1 
2 1 28 14 35 27 1 
2 1 15 1 
2 1 2 74 76 74 91 1 
2 1 28 14 63 14 28 1 
2 1 82 99 82 1 
2 1 79 51 79 1 
3 1 21 82 53 6 100 1 
3 1 48 61 95 16 38 1 
3 1 93 44 1 
3 1 91 74 1 
3 1 87 70 72 13 1 
3 1 96 42 82 1 
3 1 2 33 49 91 1 
3 1 28 31 23 74 91 1 
3 1 26 1 
3 1 28 12 71 74 91 1 
3 1 82 11 95 82 1 
3 1 82 32 36 69 1 
3 1 53 92 77 6 1 
3 1 21 4 21 1 
3 1 18 80 73 75 1 
3 1 82 45 39 18 1 
3 1 100 72 84 72 100 1 
3 1 53 6 77 50 57 97 82 1 
3 1 18 62 83 18 1 
3 1 82 36 88 78 41 36 82 1 
3 1 53 6 77 50 80 82 1 
3 1 53 6 47 82 1 
3 1 2 74 66 67 74 91 1 
3 1 82 95 7 25 36 82 1 
3 1 68 41 36 82 1 
3 1 44 9 85 43 100 1 
3 1 100 3 46 31 74 91 1 
3 1 82 55 65 91 1 
3 1 96 58 19 82 1 
3 1 2 81 60 74 91 1 
3 1 68 52 95 82 1 
3 1 2 74 66 30 76 74 91 1 
3 1 94 1 
3 1 28 14 28 1 
3 1 68 56 37 36 82 1 
3 1 2 74 5 89 82 1 
3 1 18 39 54 79 1 
3 1 82 97 82 1 
3 1 28 14 10 59 14 28 1 
3 1 91 24 91 1 
3 1 28 14 29 14 28 1 
3 1 28 14 64 14 28 1 
3 1 82 36 37 40 37 36 82 1 
3 1 2 74 31 34 20 24 91 1 
3 1 28 14 35 14 28 1 
3 1 27 1 
3 1 15 86 56 36 82 1 
3 1 68 98 41 36 82 1 
3 1 28 14 63 14 28 1 
3 1 82 89 22 79 1 
3 1 13 90 13 1 
3 1 82 89 17 89 82 1 
3 1 82 99 82 1 
3 1 2 74 76 8 76 74 91 1 
3 1 79 51 79 1 
