1 1 3 14 29 30 1 
1 1 17 25 23 13 16 1 
1 1 22 14 17 1 
1 1 3 5 18 1 
1 1 7 11 24 1 
1 1 24 21 24 1 
1 1 6 1 
1 1 10 1 
1 1 26 8 1 
1 1 10 28 10 1 
1 1 26 8 12 24 1 
1 1 2 11 24 1 
1 1 3 19 15 9 24 1 
1 1 20 26 8 1 
1 1 27 1 
1 1 16 9 4 9 24 1 
2 1 3 14 6 8 1 
2 1 17 25 21 24 1 
2 1 22 7 13 23 1 
2 1 27 29 1 
2 1 23 1 
2 1 30 10 1 
2 1 24 11 24 1 
2 1 18 19 1 
2 1 26 8 1 
2 1 16 1 
2 1 10 28 12 24 1 
2 1 2 11 24 1 
2 1 20 26 8 1 
2 1 3 5 18 24 1 
2 1 16 9 15 4 1 
3 1 3 14 7 17 1 
3 1 17 22 24 1 
3 1 27 1 
3 1 14 25 1 
3 1 23 13 1 
3 1 29 6 8 1 
3 1 30 16 1 
3 1 21 18 2 11 24 1 
3 1 21 11 15 26 8 1 
3 1 10 28 10 1 
3 1 3 19 1 
3 1 20 26 8 1 
3 1 3 5 18 24 1 
3 1 16 9 24 1 
3 1 4 9 24 1 
3 1 3 12 24 1 
