1 1 58 12 67 86 75 13 2 1 
1 1 65 50 23 72 84 61 2 1 
1 1 39 1 
1 1 55 1 
1 1 39 99 39 1 
1 1 15 24 18 44 2 1 
1 1 31 37 85 37 31 1 
1 1 2 61 44 2 1 
1 1 65 14 88 62 8 1 
1 1 2 52 66 77 45 92 1 
1 1 81 1 
1 1 65 50 83 80 92 1 
1 1 46 60 6 2 1 
1 1 65 3 20 31 1 
1 1 15 9 73 1 
1 1 65 50 83 56 47 1 
1 1 55 53 55 1 
1 1 31 91 19 79 35 58 1 
1 1 65 97 98 54 87 43 55 1 
1 1 8 93 72 84 61 2 1 
1 1 2 13 2 1 
1 1 39 99 30 25 22 31 1 
1 1 65 3 27 3 65 1 
1 1 2 13 5 13 2 1 
1 1 2 13 5 10 5 13 2 1 
1 1 55 43 17 71 92 1 
1 1 12 59 63 73 1 
1 1 55 43 87 34 22 31 1 
1 1 2 13 11 13 2 1 
1 1 65 14 38 14 65 1 
1 1 70 1 
1 1 46 68 46 1 
1 1 46 68 94 33 65 1 
1 1 8 40 8 1 
1 1 55 41 76 2 1 
1 1 49 4 16 1 
1 1 31 22 64 4 16 1 
1 1 58 96 58 1 
1 1 2 61 84 61 2 1 
1 1 2 100 2 1 
1 1 2 13 90 13 2 1 
1 1 2 61 84 78 36 32 1 
1 1 2 13 75 13 2 1 
1 1 12 26 12 1 
1 1 31 91 29 91 31 1 
1 1 2 100 82 100 2 1 
1 1 55 95 55 1 
1 1 55 41 42 41 55 1 
1 1 65 7 65 1 
1 1 2 13 11 51 11 13 2 1 
1 1 12 26 48 1 
1 1 46 69 46 1 
1 1 92 71 92 1 
1 1 2 13 75 86 79 74 79 86 75 13 2 1 
1 1 92 45 92 1 
1 1 49 72 21 57 61 2 1 
1 1 16 4 89 4 16 1 
1 1 2 76 28 76 2 1 
2 1 58 12 99 52 24 96 6 2 1 
2 1 65 55 1 
2 1 39 1 
2 1 65 50 43 55 1 
2 1 15 2 88 46 1 
2 1 31 37 31 1 
2 1 65 14 81 1 
2 1 65 50 83 54 72 84 61 2 1 
2 1 65 3 8 17 71 92 1 
2 1 15 9 67 30 99 39 1 
2 1 65 50 83 56 48 26 12 1 
2 1 55 53 41 97 65 1 
2 1 31 91 40 89 4 16 1 
2 1 31 37 85 93 72 84 61 2 1 
2 1 2 13 19 75 13 2 1 
2 1 31 20 61 2 1 
2 1 65 50 83 80 83 50 65 1 
2 1 65 3 27 42 41 55 1 
2 1 2 13 5 13 2 1 
2 1 2 13 5 10 78 84 61 2 1 
2 1 12 59 90 13 2 1 
2 1 55 43 87 43 55 1 
2 1 65 97 98 97 65 1 
2 1 2 13 11 13 2 1 
2 1 65 14 38 60 41 55 1 
2 1 70 63 73 1 
2 1 46 68 46 1 
2 1 46 68 94 33 65 1 
2 1 49 58 1 
2 1 92 21 25 22 31 1 
2 1 47 1 
2 1 31 22 25 73 1 
2 1 2 61 84 61 2 1 
2 1 2 100 2 1 
2 1 2 13 11 36 57 61 2 1 
2 1 12 26 12 1 
2 1 31 91 29 91 31 1 
2 1 2 13 75 86 79 86 75 13 2 1 
2 1 2 100 82 77 45 92 1 
2 1 2 13 66 23 41 55 1 
2 1 55 95 34 22 31 1 
2 1 8 62 8 1 
2 1 32 1 
2 1 65 7 65 1 
2 1 2 44 2 1 
2 1 46 69 88 11 51 4 16 1 
2 1 92 71 4 16 1 
2 1 2 13 75 86 79 74 79 86 75 13 2 1 
2 1 92 45 92 1 
2 1 2 44 18 35 58 1 
2 1 2 76 2 1 
2 1 2 76 28 76 2 1 
2 1 16 4 64 4 16 1 
3 1 58 12 1 
3 1 65 99 8 47 1 
3 1 39 56 43 55 1 
3 1 55 41 60 38 98 15 1 
3 1 65 50 25 22 31 1 
3 1 31 91 36 11 13 2 1 
3 1 2 88 73 1 
3 1 65 14 94 45 92 1 
3 1 24 52 35 58 1 
3 1 81 83 79 86 75 13 2 1 
3 1 31 37 85 29 91 31 1 
3 1 46 19 67 1 
3 1 65 3 63 73 1 
3 1 15 9 44 2 1 
3 1 55 53 54 87 43 55 1 
3 1 65 97 23 21 25 22 31 1 
3 1 2 13 5 13 2 1 
3 1 31 20 70 1 
3 1 39 99 30 82 11 1 
3 1 65 50 83 80 42 87 43 55 1 
3 1 65 3 27 34 22 31 1 
3 1 2 13 5 10 5 13 2 1 
3 1 12 59 12 1 
3 1 65 14 38 14 65 1 
3 1 46 68 100 2 1 
3 1 2 61 84 61 2 1 
3 1 8 40 22 31 1 
3 1 55 41 93 72 84 61 2 1 
3 1 49 58 1 
3 1 92 1 
3 1 58 96 58 1 
3 1 2 6 2 1 
3 1 2 13 90 13 2 1 
3 1 2 61 84 78 84 61 2 1 
3 1 2 13 75 13 2 1 
3 1 65 33 65 1 
3 1 12 26 12 1 
3 1 2 13 75 86 76 2 1 
3 1 49 72 62 8 1 
3 1 2 13 66 75 13 2 1 
3 1 55 95 55 1 
3 1 32 1 
3 1 65 7 65 1 
3 1 2 13 11 51 57 61 2 1 
3 1 12 26 48 16 17 71 92 1 
3 1 46 69 46 1 
3 1 92 71 92 1 
3 1 2 13 75 86 79 74 79 86 75 13 2 1 
3 1 16 4 16 1 
3 1 2 44 18 44 2 1 
3 1 92 45 77 45 92 1 
3 1 16 4 89 4 16 1 
3 1 2 76 28 76 2 1 
3 1 16 4 64 4 16 1 
